150

15205

446.0	267.0	557.0	758.0	795.0	852.0	926.0	319.0	269.0	607.0	395.0	856.0	810.0	206.0	506.0	152.0	24.0	112.0	261.0	159.0	929.0	192.0	547.0	803.0	363.0	851.0	605.0	4.0	958.0	885.0	632.0	403.0	504.0	189.0	512.0	298.0	40.0	790.0	968.0	660.0	396.0	714.0	515.0	557.0	919.0	373.0	60.0	295.0	484.0	320.0	453.0	413.0	863.0	352.0	567.0	225.0	202.0	523.0	581.0	159.0	408.0	212.0	914.0	263.0	400.0	425.0	912.0	791.0	214.0	879.0	450.0	961.0	944.0	317.0	870.0	214.0	689.0	929.0	508.0	172.0	601.0	961.0	936.0	463.0	312.0	502.0	40.0	513.0	25.0	620.0	23.0	784.0	183.0	936.0	46.0	935.0	713.0	309.0	725.0	926.0	539.0	527.0	239.0	482.0	843.0	108.0	695.0	531.0	36.0	203.0	54.0	636.0	515.0	342.0	451.0	826.0	195.0	842.0	690.0	219.0	461.0	64.0	354.0	995.0	1000.0	751.0	929.0	712.0	59.0	6.0	989.0	597.0	532.0	227.0	78.0	726.0	686.0	773.0	608.0	722.0	327.0	661.0	709.0	841.0	354.0	511.0	18.0	549.0	352.0	59.0	

0.0	199.3	125.1	184.7	180.4	191.7	186.7	135.8	157.1	170.4	162.9	115.9	183.7	135.0	177.4	177.4	174.8	142.3	144.8	160.4	171.3	163.4	176.5	152.3	153.9	153.6	161.7	154.7	170.0	153.0	155.7	115.2	141.6	206.5	166.0	165.5	187.2	182.0	196.9	130.7	187.5	197.6	185.7	175.6	160.7	170.6	161.4	162.1	172.1	166.1	154.3	169.3	148.7	164.2	170.0	197.2	192.2	145.9	176.9	199.8	149.2	135.7	183.4	162.0	200.4	175.1	142.4	171.6	160.1	162.1	150.8	157.4	175.4	139.2	146.0	136.1	144.6	175.4	161.7	178.9	158.7	174.3	165.6	177.8	153.6	175.7	163.6	195.3	180.5	167.3	145.2	160.1	153.4	201.3	171.1	170.5	166.3	181.8	180.2	171.3	197.0	145.4	170.1	197.3	193.8	182.0	164.5	165.3	158.9	172.4	199.9	197.9	200.5	140.9	189.3	167.8	153.9	168.0	196.2	140.3	158.2	139.4	178.8	124.0	142.6	169.3	154.5	189.2	155.2	185.4	193.3	135.9	147.3	182.9	195.2	164.9	193.0	175.8	211.5	180.0	182.7	204.0	211.9	153.4	188.5	186.8	159.1	161.0	171.1	150.1	
199.3	0.0	178.8	184.1	171.4	212.9	211.7	216.2	226.2	173.0	213.8	179.7	135.7	205.8	209.0	215.6	218.9	233.2	186.3	196.7	211.2	172.8	166.2	194.3	223.7	222.4	122.1	214.2	169.7	221.7	195.7	213.6	219.0	170.3	187.1	202.1	200.2	227.4	220.1	174.2	214.7	227.6	191.5	227.0	186.5	177.6	196.1	206.3	160.9	228.6	224.7	202.0	184.3	228.3	177.1	193.4	257.1	186.3	205.7	178.3	180.6	188.3	153.7	164.4	145.0	226.0	209.4	158.3	198.5	175.6	170.4	195.8	187.6	156.7	231.9	204.0	216.7	151.2	212.6	167.8	181.6	217.0	153.8	165.3	236.8	172.5	184.9	174.7	163.0	223.4	207.3	175.9	227.0	165.0	184.2	206.2	189.3	264.0	225.1	165.2	215.6	161.9	176.7	233.7	199.7	180.1	206.9	202.6	181.1	219.1	211.1	194.2	177.2	176.9	215.6	209.4	212.1	194.3	171.8	230.8	210.3	170.6	203.8	224.6	198.1	147.3	191.0	164.8	201.8	189.4	198.3	215.9	222.7	156.0	158.5	128.0	214.1	204.8	181.9	188.1	198.9	229.9	155.2	218.8	202.9	221.4	208.6	238.8	189.3	196.3	
125.1	178.8	0.0	160.1	193.3	196.4	180.8	135.8	173.2	192.5	160.1	148.2	177.9	162.0	154.2	165.9	136.1	163.9	164.0	176.8	193.8	136.4	176.8	152.2	152.5	172.9	168.7	164.3	179.0	134.1	198.5	140.6	181.1	165.2	169.5	199.9	213.1	206.4	199.6	169.2	182.4	207.8	173.9	171.8	165.0	170.2	190.8	186.5	159.7	193.7	185.4	181.2	181.8	166.3	186.2	211.0	232.5	159.6	184.2	195.7	148.1	149.2	149.9	152.7	172.9	191.1	179.3	161.5	210.5	152.1	170.4	191.3	183.2	152.6	180.1	170.4	185.7	177.8	143.8	217.3	127.3	187.2	167.7	167.4	167.4	182.9	169.8	186.3	165.1	183.1	129.2	191.9	189.1	188.6	171.5	178.4	164.0	223.7	211.9	176.6	173.1	150.5	145.8	189.6	204.8	185.5	133.4	166.4	188.0	184.5	184.3	165.9	172.2	144.6	195.4	196.2	160.4	188.6	204.3	187.6	150.2	143.9	150.9	174.4	162.5	173.4	157.3	158.6	146.8	212.6	200.3	153.6	185.1	161.5	181.4	181.6	164.6	197.1	218.2	180.2	196.7	214.9	193.4	186.5	203.0	177.2	167.3	176.4	171.9	144.7	
184.7	184.1	160.1	0.0	146.2	145.8	179.2	166.8	169.5	215.2	205.8	181.7	165.0	157.1	156.5	162.0	191.4	188.3	189.0	186.2	179.8	123.5	135.9	164.0	186.1	181.1	202.0	154.9	202.0	170.7	187.6	155.1	197.8	159.4	157.8	215.6	196.7	197.8	182.4	144.4	181.4	201.5	170.6	189.7	179.4	158.6	172.3	214.8	113.3	164.7	186.3	210.8	205.5	207.2	123.7	157.8	228.0	157.1	179.2	208.8	176.7	207.0	162.2	163.8	201.5	189.2	184.3	165.3	197.1	201.7	190.8	153.5	204.7	170.3	202.0	188.1	200.6	207.7	170.6	170.3	167.6	142.4	153.6	176.5	177.9	205.3	175.7	160.2	174.8	180.2	182.5	233.7	191.3	199.0	157.6	144.3	183.2	228.0	182.2	144.3	177.5	161.0	168.7	165.0	146.9	216.1	168.6	167.4	189.5	210.2	196.2	183.0	145.5	176.8	189.2	167.2	203.3	180.8	187.0	209.2	162.9	189.4	197.9	178.4	166.4	160.2	182.9	205.5	189.1	177.7	183.3	180.9	199.7	153.8	199.1	165.7	167.2	202.1	173.0	130.4	193.7	220.7	151.3	178.0	197.6	150.6	148.3	186.3	159.0	148.3	
180.4	171.4	193.3	146.2	0.0	118.1	197.0	187.7	151.6	188.8	203.0	157.7	129.5	158.3	183.2	156.5	222.5	187.9	190.8	187.1	167.9	146.7	129.9	143.9	190.6	179.7	182.3	157.4	221.1	181.1	200.8	182.4	200.6	158.2	121.0	183.6	163.9	183.0	172.1	163.4	174.0	144.4	198.5	195.7	180.0	220.9	163.7	176.7	161.4	158.6	171.8	182.8	169.8	184.6	135.3	140.1	215.5	174.5	164.4	187.7	131.4	167.4	189.0	172.3	211.5	180.6	191.1	150.1	188.3	162.6	195.4	169.3	179.0	175.9	193.7	162.8	204.0	193.4	195.3	177.8	176.2	158.5	152.7	174.5	162.6	179.0	158.7	172.6	179.7	219.0	166.7	232.1	197.0	154.2	172.6	179.2	167.7	216.9	182.8	148.0	197.4	154.8	164.6	216.2	164.8	192.5	196.7	195.7	143.7	188.5	211.5	182.7	180.1	179.7	200.2	130.3	228.5	186.2	168.0	194.9	167.0	167.8	209.0	190.9	140.2	153.5	197.9	167.2	220.3	142.5	203.5	174.9	197.4	183.5	183.1	159.7	206.1	173.0	173.0	138.1	177.6	212.1	188.0	185.6	156.3	186.4	177.1	202.3	164.0	166.2	
191.7	212.9	196.4	145.8	118.1	0.0	163.5	158.3	152.4	195.3	152.1	179.1	170.6	152.2	160.6	134.1	192.5	158.6	178.2	180.7	123.2	154.8	149.5	134.9	173.8	158.6	208.9	154.4	215.2	174.0	183.8	183.8	173.6	160.2	133.9	172.2	155.3	138.6	129.3	173.9	131.4	126.7	164.9	177.9	195.4	214.4	162.6	179.3	159.6	120.0	192.3	175.6	155.8	173.3	148.4	167.5	192.7	156.7	171.1	172.4	143.2	172.6	173.3	164.1	200.5	142.3	188.1	155.6	190.7	189.2	205.6	176.2	213.1	183.0	185.9	164.7	176.3	185.9	192.8	168.2	180.5	161.1	146.9	195.7	158.0	155.1	146.0	155.5	168.1	191.6	159.5	239.1	163.3	152.0	137.8	196.1	153.8	175.8	139.6	140.2	183.6	168.8	163.0	172.6	143.2	188.9	164.5	164.8	163.6	181.2	170.3	138.9	155.2	165.6	149.9	90.9	197.6	196.7	161.1	185.1	137.9	167.1	187.8	186.5	133.3	168.5	180.5	179.6	187.9	143.1	177.0	185.2	190.4	179.8	202.0	199.6	170.3	157.0	147.2	140.8	159.7	192.9	179.2	159.0	132.2	159.3	132.4	188.5	190.5	156.7	
186.7	211.7	180.8	179.2	197.0	163.5	0.0	148.6	200.2	167.6	140.0	219.8	177.6	165.7	134.1	166.8	167.5	212.9	177.7	178.1	138.2	186.6	176.1	200.6	216.6	172.1	196.0	194.5	202.3	165.6	180.9	196.5	208.6	187.5	205.3	189.6	163.0	176.1	151.3	190.0	160.1	217.8	173.1	182.3	196.9	173.4	192.0	237.4	186.7	172.9	209.6	159.4	201.8	152.5	197.0	208.7	208.9	181.2	201.2	193.0	169.1	194.1	162.1	180.5	181.8	184.0	205.8	142.9	190.3	199.3	194.6	162.5	188.1	178.2	171.7	193.5	169.6	167.7	156.5	204.3	182.4	193.2	129.7	207.0	162.4	212.5	183.1	178.9	138.3	182.3	176.9	193.0	196.5	181.8	177.2	217.2	135.7	172.0	171.8	151.9	131.9	193.4	196.9	149.9	181.4	190.9	144.8	202.5	176.9	157.1	179.3	133.4	146.6	165.5	164.2	160.8	182.7	181.4	168.4	136.8	139.4	187.9	187.6	166.9	156.3	151.1	147.6	219.8	189.5	182.7	185.7	214.9	192.4	175.9	206.5	200.9	165.4	191.7	190.2	154.4	181.6	193.5	180.6	162.4	185.8	180.3	158.9	193.2	220.5	184.2	
135.8	216.2	135.8	166.8	187.7	158.3	148.6	0.0	179.5	191.2	137.9	181.6	204.0	183.7	119.2	158.8	173.2	133.0	183.4	157.8	146.7	162.1	192.7	145.2	105.0	115.7	190.3	134.6	160.1	131.2	184.7	121.8	171.1	192.7	165.3	179.6	191.1	143.0	160.9	140.8	165.5	201.0	179.1	166.5	160.8	171.8	169.8	169.1	159.5	163.1	185.4	173.6	177.6	168.4	176.4	199.0	218.8	156.5	184.1	172.9	145.5	152.2	152.9	181.2	183.3	145.2	171.2	160.8	217.0	196.0	190.4	167.5	209.1	143.1	134.9	149.1	183.8	158.7	171.8	199.6	148.3	157.3	169.5	201.0	166.7	176.5	142.2	149.4	156.7	153.0	137.9	181.7	186.6	194.2	162.5	181.0	148.5	178.1	145.7	178.8	155.3	162.0	158.0	135.2	184.7	184.3	118.7	152.5	187.6	131.3	173.0	159.2	157.6	128.9	183.1	156.7	152.4	159.3	149.0	153.8	132.1	173.7	141.0	164.9	155.8	162.5	142.0	203.1	153.3	188.5	199.3	176.8	154.8	192.3	196.3	209.0	159.4	175.3	170.5	159.8	208.1	168.6	186.7	156.3	156.3	174.8	126.7	148.4	199.4	147.7	
157.1	226.2	173.2	169.5	151.6	152.4	200.2	179.5	0.0	189.4	165.7	129.0	167.0	150.8	177.4	157.0	209.1	167.2	174.3	174.3	175.7	167.1	163.4	126.8	179.2	186.0	224.9	187.0	215.9	138.5	198.9	170.6	178.8	173.5	120.7	179.2	183.6	197.1	186.5	194.6	160.1	171.9	189.1	183.1	165.7	211.0	180.7	184.0	175.0	146.9	182.1	161.1	158.2	145.3	162.2	170.1	210.9	157.9	204.3	184.3	167.5	163.8	183.5	201.5	224.3	164.0	171.5	139.0	197.8	168.3	177.2	162.3	187.5	194.0	142.4	159.0	183.6	232.4	177.8	207.0	185.2	166.5	197.1	171.9	140.1	185.2	186.1	158.4	187.6	213.8	133.7	241.4	192.3	174.7	195.0	175.5	197.5	189.5	153.6	150.5	171.6	171.4	160.6	187.6	163.5	196.9	186.4	186.0	161.6	200.0	236.1	177.3	198.0	184.6	184.2	160.4	185.2	155.0	208.7	200.4	161.2	137.9	177.3	166.6	144.8	165.7	204.8	191.1	200.8	178.2	212.6	179.5	157.9	187.2	192.8	173.9	179.6	143.5	189.4	167.8	148.0	207.1	206.7	171.6	188.0	168.0	160.5	158.4	150.2	144.8	
170.4	173.0	192.5	215.2	188.8	195.3	167.6	191.2	189.4	0.0	169.1	192.2	170.2	186.5	172.8	198.1	206.9	225.2	174.0	174.1	186.0	182.2	178.9	171.6	204.4	187.6	151.3	192.2	170.1	188.6	148.6	201.1	153.1	201.7	194.0	196.5	164.7	195.1	164.9	177.7	155.5	216.2	201.9	181.3	127.4	178.1	160.1	171.1	187.9	182.3	195.9	165.9	172.1	159.5	186.5	173.0	162.2	184.8	214.8	158.5	169.1	183.4	153.4	188.6	165.1	172.9	153.8	146.0	192.7	156.1	131.6	192.4	172.5	149.3	160.8	156.3	181.5	163.6	182.9	192.0	186.7	213.9	148.6	164.6	191.4	192.3	168.3	151.0	158.1	172.9	172.7	170.3	183.1	148.8	179.3	191.0	189.3	177.0	191.5	163.0	174.4	189.2	188.0	207.6	178.7	158.1	193.2	192.6	139.3	178.4	225.1	185.0	178.1	167.6	187.2	182.0	200.5	163.9	186.5	152.6	131.5	157.2	188.8	196.6	166.2	171.1	174.7	185.6	181.1	125.6	164.0	198.5	179.1	178.1	181.4	149.9	185.2	178.6	197.2	199.4	140.1	169.0	201.4	206.7	204.2	228.0	204.7	179.0	214.5	166.6	
162.9	213.8	160.1	205.8	203.0	152.1	140.0	137.9	165.7	169.1	0.0	176.0	181.8	157.1	167.2	154.9	184.4	168.5	141.5	143.4	109.8	182.9	193.9	154.6	177.6	171.9	206.6	195.4	192.5	148.8	201.0	195.0	168.6	190.3	177.0	161.3	155.5	181.4	171.2	208.3	149.2	177.3	169.4	177.1	204.6	198.5	186.1	187.0	184.0	174.6	221.6	170.8	158.1	151.8	195.5	219.6	192.6	178.9	211.9	162.9	165.9	161.2	167.8	156.5	201.6	148.7	191.1	155.3	212.2	196.8	169.8	176.9	199.4	184.8	158.0	166.4	188.4	170.7	161.6	202.7	159.1	204.5	167.1	211.5	188.3	145.6	170.1	155.1	152.6	193.7	138.2	180.8	178.9	168.5	183.4	228.6	158.7	167.5	154.6	170.9	159.8	171.1	139.9	153.3	189.2	166.6	154.0	167.5	175.3	186.2	191.1	125.5	175.1	126.9	115.0	168.0	170.5	193.9	179.2	168.8	148.0	158.9	161.6	173.0	160.3	159.8	151.9	200.5	155.0	192.5	205.8	206.2	164.8	148.7	185.8	212.4	155.5	141.9	190.0	186.8	173.1	189.2	185.6	164.3	155.9	183.3	128.9	172.5	200.0	140.1	
115.9	179.7	148.2	181.7	157.7	179.1	219.8	181.6	129.0	192.2	176.0	0.0	142.3	149.5	197.5	162.7	207.2	169.3	162.6	194.7	167.9	171.4	177.9	146.5	167.0	193.8	172.4	176.9	202.3	165.9	187.7	159.4	166.0	186.6	117.9	161.0	167.1	184.7	223.7	152.3	206.2	184.0	182.6	211.7	187.6	192.4	176.8	177.2	160.3	169.8	163.7	180.0	110.3	171.4	170.2	193.5	224.6	124.8	212.9	190.6	151.7	133.0	188.2	180.1	192.7	161.7	182.6	160.9	180.6	136.2	159.9	159.6	165.9	149.0	159.9	130.8	183.7	208.9	185.8	189.9	156.9	189.0	192.9	144.7	172.8	163.1	180.2	173.5	191.5	207.1	163.9	200.6	148.2	193.1	173.1	188.6	180.7	209.0	194.2	159.3	197.1	158.6	151.0	219.2	205.9	148.2	194.1	167.4	145.4	210.0	216.1	172.9	207.6	152.5	181.8	181.6	151.1	179.5	205.0	207.3	187.9	106.7	198.8	162.2	142.0	173.5	204.2	167.8	183.8	183.9	197.8	171.5	145.7	171.8	182.3	169.5	214.5	158.6	190.6	168.9	158.0	195.9	193.7	156.9	176.4	179.0	170.7	180.1	122.1	176.6	
183.7	135.7	177.9	165.0	129.5	170.6	177.6	204.0	167.0	170.2	181.8	142.3	0.0	166.0	190.0	182.2	220.7	222.0	167.1	194.0	166.0	178.8	175.1	158.0	203.5	207.8	165.5	205.7	213.3	182.5	190.8	223.7	197.1	156.7	141.9	177.9	131.6	216.0	194.0	177.2	177.9	189.4	181.7	218.3	199.3	202.9	163.4	196.3	151.1	190.2	196.1	163.9	172.8	171.1	166.2	180.4	215.9	172.2	200.5	179.4	165.7	151.1	187.1	180.8	197.4	197.5	205.2	123.2	183.9	140.7	170.4	144.3	154.9	152.1	182.3	165.0	212.3	204.4	179.7	185.6	124.5	183.4	169.1	155.5	209.0	162.3	172.2	161.8	159.5	209.4	191.3	181.8	190.1	170.9	190.5	189.9	150.9	217.6	213.0	146.7	170.1	157.0	151.6	201.4	189.8	156.2	184.6	198.8	118.5	185.6	217.7	156.0	186.6	146.2	172.0	195.5	197.0	168.3	187.7	217.6	188.3	151.1	205.6	172.4	143.9	159.0	210.9	181.3	195.8	175.4	184.9	199.7	189.5	151.7	182.8	155.0	208.3	162.9	170.9	136.0	171.4	212.3	163.9	180.6	186.3	195.2	180.4	213.4	163.7	183.0	
135.0	205.8	162.0	157.1	158.3	152.2	165.7	183.7	150.8	186.5	157.1	149.5	166.0	0.0	186.6	164.5	162.3	197.8	138.8	149.5	147.5	123.9	142.9	170.4	211.6	165.4	197.2	171.9	212.4	154.8	170.7	176.4	158.9	193.5	156.8	151.5	165.5	205.6	189.7	173.1	183.3	166.0	160.3	188.4	204.4	195.7	161.7	194.8	174.0	171.0	163.7	187.6	165.7	157.3	159.1	156.1	166.0	156.3	195.2	209.2	148.6	191.3	184.3	118.2	218.3	170.1	174.2	170.1	146.4	185.9	154.0	165.7	182.8	199.8	197.4	174.8	174.6	184.3	112.7	177.8	178.9	179.4	137.6	175.2	156.0	185.8	191.4	196.3	183.2	208.9	151.0	214.6	145.0	169.7	174.9	171.2	155.0	184.4	189.4	163.6	176.4	162.7	184.5	200.8	156.3	197.7	163.0	148.6	165.4	215.8	176.5	178.6	196.8	160.8	153.3	142.9	178.5	183.5	196.3	149.2	161.2	156.1	208.0	142.3	157.0	154.0	152.7	194.1	187.0	165.7	196.2	190.6	171.2	163.0	167.6	167.9	191.2	159.9	199.5	174.5	150.2	220.6	183.3	135.0	179.1	168.4	164.0	160.7	184.3	141.1	
177.4	209.0	154.2	156.5	183.2	160.6	134.1	119.2	177.4	172.8	167.2	197.5	190.0	186.6	0.0	141.5	161.1	182.2	188.5	182.6	163.2	144.8	178.7	168.0	166.2	143.8	185.3	125.4	173.9	153.4	195.7	168.3	179.8	159.0	176.0	202.1	183.3	147.0	157.1	175.8	165.5	186.8	182.0	179.9	149.4	165.4	169.8	186.8	126.9	160.1	154.7	192.4	188.5	155.8	165.0	186.8	203.8	154.6	173.3	162.6	142.9	160.7	136.5	179.5	159.9	166.8	172.4	144.4	212.0	173.2	186.2	166.9	173.1	158.7	164.1	161.3	190.7	163.6	159.3	215.6	152.2	146.4	145.5	168.8	148.0	216.9	142.6	147.4	169.9	167.5	144.9	217.7	180.2	184.5	126.6	173.8	149.4	167.7	150.8	147.7	93.2	177.2	180.8	125.0	179.5	167.4	136.1	173.3	156.3	144.5	186.2	150.3	130.1	156.9	165.5	159.1	149.6	158.1	166.4	162.8	117.1	164.2	154.3	172.6	134.2	164.5	148.1	200.4	180.9	157.1	175.9	178.1	178.7	191.2	185.6	196.8	174.4	172.8	163.5	171.3	169.5	156.6	159.7	168.6	194.4	158.9	153.4	146.8	197.1	175.5	
177.4	215.6	165.9	162.0	156.5	134.1	166.8	158.8	157.0	198.1	154.9	162.7	182.2	164.5	141.5	0.0	200.4	184.8	196.1	198.8	146.9	159.3	161.9	177.9	184.3	197.4	212.2	159.8	217.4	169.2	210.1	160.5	194.7	154.2	163.1	205.1	173.9	145.0	193.1	200.6	174.7	172.3	213.2	185.3	199.4	202.6	162.4	219.8	150.0	134.6	179.4	196.7	145.5	185.7	142.0	196.6	229.5	159.9	204.8	202.6	169.8	174.6	189.9	183.2	205.8	135.2	212.5	187.5	196.1	200.3	168.5	202.7	172.0	176.8	195.4	137.5	180.5	207.9	164.6	203.3	173.7	153.0	159.9	171.0	133.6	190.5	182.6	175.5	172.7	210.2	147.0	230.1	148.3	181.8	154.6	216.6	167.3	202.7	148.4	152.0	162.5	165.8	147.9	164.6	202.3	182.0	190.5	190.4	162.5	210.9	198.2	131.7	191.8	162.9	166.0	148.6	189.0	212.0	189.0	170.4	129.5	129.4	185.2	160.1	141.1	163.5	163.7	219.2	195.9	150.0	200.9	201.5	185.8	168.6	169.4	220.2	185.4	140.6	191.7	170.6	150.3	169.7	206.9	166.5	171.3	135.5	141.6	168.4	147.2	172.7	
174.8	218.9	136.1	191.4	222.5	192.5	167.5	173.2	209.1	206.9	184.4	207.2	220.7	162.3	161.1	200.4	0.0	184.3	188.6	200.3	199.7	154.6	179.4	191.9	216.9	179.6	187.0	203.1	218.9	178.6	201.9	186.3	188.7	167.8	222.5	188.7	239.4	196.4	172.0	199.0	189.9	203.3	149.1	187.5	194.1	169.3	219.4	197.5	193.1	207.9	203.8	177.8	204.8	183.1	218.6	221.5	229.6	182.0	180.7	214.2	158.8	190.1	154.7	163.3	171.4	209.9	165.0	178.6	178.3	186.8	198.2	212.6	218.1	197.5	215.5	222.9	166.3	171.7	168.9	220.2	190.8	228.8	162.0	188.2	182.6	218.9	176.1	228.6	196.3	181.3	162.4	229.5	196.9	188.6	158.5	208.5	168.8	184.2	220.5	199.5	181.5	190.3	199.6	196.3	205.2	199.8	153.2	172.7	216.8	184.1	173.9	166.0	167.0	186.4	211.2	181.9	167.7	194.7	212.4	172.1	156.3	179.0	163.3	193.7	176.6	191.4	143.0	171.8	164.0	220.4	195.6	205.6	222.3	214.6	217.5	200.1	182.7	220.0	230.7	202.6	194.6	236.3	190.6	188.9	214.0	188.7	194.9	189.1	243.2	195.1	
142.3	233.2	163.9	188.3	187.9	158.6	212.9	133.0	167.2	225.2	168.5	169.3	222.0	197.8	182.2	184.8	184.3	0.0	170.8	175.3	172.9	195.8	190.2	130.8	157.3	164.4	215.2	174.6	199.0	186.1	218.8	135.1	190.7	185.8	191.6	206.7	218.5	161.6	179.2	176.8	181.7	157.3	176.6	179.7	191.1	199.7	204.6	165.8	175.0	148.8	208.8	188.0	180.9	202.0	182.0	227.1	226.0	167.8	158.7	195.6	172.6	154.3	186.8	189.9	220.3	196.2	156.5	185.6	208.9	198.7	213.6	177.1	221.9	166.4	161.0	180.9	175.4	194.5	228.6	184.2	182.6	198.6	202.9	228.2	176.3	179.2	158.3	202.1	218.0	169.3	169.2	218.4	205.6	204.5	155.2	222.9	183.7	181.0	152.1	183.8	223.9	158.3	167.3	188.0	200.8	197.6	190.9	196.3	197.6	165.5	217.2	183.5	175.4	172.9	211.5	161.8	196.5	205.0	212.0	192.2	168.3	190.4	173.4	178.3	165.0	196.3	167.8	189.5	157.8	224.9	229.7	149.2	198.0	202.6	244.0	211.8	162.4	197.3	209.6	167.6	226.5	217.7	218.9	187.1	177.4	194.0	138.9	200.8	204.8	169.1	
144.8	186.3	164.0	189.0	190.8	178.2	177.7	183.4	174.3	174.0	141.5	162.6	167.1	138.8	188.5	196.1	188.6	170.8	0.0	148.7	150.1	163.6	190.1	171.1	196.3	163.4	212.8	185.8	166.2	210.8	193.6	188.7	173.7	180.9	184.7	206.1	176.2	201.7	200.3	186.0	177.1	179.8	159.9	218.4	190.8	196.5	181.1	190.6	152.6	178.7	220.4	187.7	159.5	152.7	153.5	210.0	166.9	170.5	201.8	177.1	181.6	162.5	183.9	118.3	200.9	209.4	167.4	170.2	178.7	179.8	177.9	162.7	155.9	175.5	174.1	193.4	186.5	170.2	166.4	165.3	160.1	195.2	174.1	222.9	185.0	173.7	166.6	183.7	187.4	174.5	185.9	192.0	185.4	163.0	173.6	199.6	152.3	190.9	183.6	130.3	184.0	183.6	169.3	202.4	166.8	189.1	185.6	199.1	152.0	191.7	218.9	176.6	168.7	169.9	149.9	190.0	180.2	184.4	201.8	165.1	175.2	175.4	201.7	170.3	169.1	152.2	153.8	196.8	178.1	203.3	215.2	156.0	206.9	145.9	179.8	169.5	178.9	169.3	193.3	181.4	196.8	205.6	181.4	164.7	222.4	197.9	182.7	217.6	209.7	170.6	
160.4	196.7	176.8	186.2	187.1	180.7	178.1	157.8	174.3	174.1	143.4	194.7	194.0	149.5	182.6	198.8	200.3	175.3	148.7	0.0	177.7	168.7	182.2	141.7	202.3	155.1	202.5	192.6	155.3	153.3	191.1	182.0	194.3	205.3	191.5	183.1	189.3	215.7	194.8	193.8	176.6	171.5	176.5	189.4	196.3	195.4	160.0	176.0	179.3	184.5	195.0	187.1	211.4	166.2	162.9	167.2	166.8	177.2	188.3	192.0	167.1	210.7	144.6	137.3	223.0	173.0	178.7	147.8	208.6	215.7	153.2	170.3	209.1	195.2	171.9	178.7	216.5	154.9	177.3	180.8	183.3	191.4	153.8	201.2	195.7	175.6	206.1	164.3	206.4	216.3	170.5	197.6	211.1	160.7	189.3	209.3	160.4	206.0	145.5	193.1	187.8	156.2	188.5	193.1	145.4	196.2	165.1	160.1	194.2	191.5	190.1	184.2	183.2	158.3	186.6	166.5	206.6	170.4	204.5	165.9	170.7	192.2	198.0	165.1	206.4	139.5	117.0	203.7	155.8	190.4	247.3	206.8	164.8	170.0	164.6	162.8	157.6	154.9	198.2	176.8	188.1	199.1	191.3	173.3	165.6	202.0	154.3	167.8	209.2	111.0	
171.3	211.2	193.8	179.8	167.9	123.2	138.2	146.7	175.7	186.0	109.8	167.9	166.0	147.5	163.2	146.9	199.7	172.9	150.1	177.7	0.0	174.8	168.1	175.0	189.8	161.0	207.6	167.8	215.6	178.5	208.7	185.1	176.6	191.3	165.1	163.3	113.1	148.6	167.5	173.1	185.5	163.5	155.7	193.0	210.5	191.1	188.2	200.1	160.4	154.1	206.9	195.7	141.7	178.3	176.9	192.8	194.8	163.0	218.4	159.6	159.6	168.8	187.8	165.1	200.9	154.5	186.2	170.6	190.2	194.9	183.4	139.2	176.3	170.1	161.1	167.7	195.5	173.3	163.2	176.3	166.7	198.3	168.6	212.3	182.4	179.0	156.0	155.0	161.0	175.5	167.8	191.2	162.1	175.6	159.9	214.1	150.4	137.2	158.8	146.3	150.3	177.6	154.9	154.2	190.0	149.1	182.7	179.0	145.6	183.0	201.5	128.5	158.7	134.5	121.2	148.0	176.0	191.8	147.5	159.0	153.7	180.7	193.7	174.8	140.1	158.0	165.3	211.6	195.4	171.1	189.8	210.2	170.9	146.1	198.3	215.2	173.9	158.4	156.6	148.4	185.8	173.6	155.2	137.5	144.1	182.1	131.3	176.4	195.1	174.5	
163.4	172.8	136.4	123.5	146.7	154.8	186.6	162.1	167.1	182.2	182.9	171.4	178.8	123.9	144.8	159.3	154.6	195.8	163.6	168.7	174.8	0.0	136.3	168.9	173.2	158.2	184.6	128.1	188.0	162.2	191.1	155.2	165.5	160.8	143.0	187.8	205.5	197.8	186.0	158.2	174.1	181.2	179.5	194.2	152.9	173.1	167.1	167.2	135.2	192.9	166.0	204.9	170.1	177.3	136.0	140.5	202.4	161.0	183.1	185.9	130.1	182.8	151.8	115.6	176.2	173.8	151.8	169.3	192.3	176.6	168.7	192.7	190.5	189.8	209.0	178.6	198.8	158.2	127.5	194.0	169.7	159.3	136.6	167.9	162.2	193.4	147.7	160.5	166.9	187.2	122.6	225.1	182.0	149.3	156.8	131.7	179.4	211.8	191.5	157.2	154.7	160.3	159.9	181.5	157.0	203.4	156.2	143.4	178.8	210.9	189.1	187.4	155.1	175.0	173.3	153.7	184.4	167.9	154.8	174.6	137.7	160.8	176.8	192.2	155.1	138.5	149.5	171.2	200.6	155.8	188.6	179.6	203.5	171.2	134.6	161.4	183.4	176.5	176.5	189.3	169.9	203.7	149.8	184.4	195.8	175.1	177.5	161.2	190.7	142.1	
176.5	166.2	176.8	135.9	129.9	149.5	176.1	192.7	163.4	178.9	193.9	177.9	175.1	142.9	178.7	161.9	179.4	190.2	190.1	182.2	168.1	136.3	0.0	170.4	231.0	186.4	165.6	169.6	210.0	174.3	194.2	159.4	196.1	163.6	171.1	184.8	178.9	192.5	157.8	169.2	196.8	173.4	155.0	136.5	164.2	174.3	200.6	211.4	166.3	155.8	188.9	204.9	178.5	213.7	160.7	135.6	224.6	172.2	178.6	174.0	157.7	205.2	150.1	160.4	181.3	200.0	174.8	162.6	164.7	183.3	163.1	168.0	179.4	179.4	212.7	200.2	172.1	171.7	163.9	153.7	209.3	195.6	125.1	162.5	155.0	207.6	183.7	184.0	159.7	211.7	154.0	226.1	198.8	156.8	152.9	175.2	191.5	200.6	182.2	136.0	194.9	150.9	183.4	206.1	155.2	194.8	197.8	187.9	172.5	213.8	197.7	183.8	157.4	180.9	201.8	127.5	216.3	199.0	171.9	175.8	156.1	174.6	184.9	200.2	166.5	152.4	166.8	164.6	205.0	148.1	176.3	189.2	191.7	139.4	187.1	140.3	160.1	201.4	187.9	156.4	167.7	232.2	167.4	179.5	169.5	174.4	164.9	175.8	162.5	144.0	
152.3	194.3	152.2	164.0	143.9	134.9	200.6	145.2	126.8	171.6	154.6	146.5	158.0	170.4	168.0	177.9	191.9	130.8	171.1	141.7	175.0	168.9	170.4	0.0	139.0	140.2	179.3	164.3	173.3	134.4	175.3	173.0	146.0	164.6	131.4	169.5	166.5	178.8	139.7	164.7	143.9	137.4	150.3	144.8	156.4	208.4	148.6	120.6	154.7	137.4	180.4	163.2	176.7	159.8	162.7	160.2	179.2	157.1	162.5	146.4	147.0	147.3	144.2	176.6	201.7	155.7	162.4	125.9	204.7	155.2	167.0	160.5	198.7	144.2	142.8	146.3	196.3	191.4	189.9	174.4	132.5	167.4	176.5	158.3	185.5	135.2	153.7	143.8	182.9	187.5	150.2	209.4	178.2	163.9	157.4	168.2	155.9	184.9	162.4	169.8	191.2	142.3	148.4	190.7	143.5	163.4	145.7	141.9	154.2	149.5	183.3	163.0	176.7	125.4	185.4	153.4	181.2	161.9	201.9	201.2	151.2	151.9	150.1	175.9	160.7	186.2	184.4	148.2	123.7	166.4	188.4	154.8	141.2	171.6	200.8	163.2	155.0	154.0	170.1	143.9	171.0	197.7	192.3	165.2	148.4	177.4	142.8	153.7	169.7	106.7	
153.9	223.7	152.5	186.1	190.6	173.8	216.6	105.0	179.2	204.4	177.6	167.0	203.5	211.6	166.2	184.3	216.9	157.3	196.3	202.3	189.8	173.2	231.0	139.0	0.0	147.6	211.6	146.2	172.1	169.9	187.3	152.6	157.5	205.0	138.6	205.7	214.1	169.3	192.6	145.9	165.8	220.6	215.5	208.6	159.0	214.6	163.7	148.2	167.7	184.6	204.4	185.8	166.3	180.3	178.7	213.7	231.5	169.7	212.0	184.2	170.3	137.0	191.6	208.4	200.9	154.8	184.1	186.1	241.8	188.9	212.0	206.8	229.1	149.6	153.0	142.3	208.3	205.2	205.3	218.0	144.0	155.8	214.3	207.6	198.9	158.0	136.6	150.7	175.8	163.9	160.8	206.0	188.3	207.1	189.7	167.5	185.0	219.5	186.4	193.4	195.0	186.4	153.8	181.8	200.7	205.5	148.4	163.3	191.4	163.4	208.1	195.1	199.3	155.1	201.2	193.3	166.0	169.6	175.3	208.9	161.8	166.2	161.2	197.3	165.5	199.7	206.9	205.4	175.3	197.2	201.6	169.6	181.0	220.9	205.4	222.0	203.5	180.1	174.8	192.2	217.9	181.6	217.6	191.7	195.3	201.4	173.8	183.7	205.3	171.8	
153.6	222.4	172.9	181.1	179.7	158.6	172.1	115.7	186.0	187.6	171.9	193.8	207.8	165.4	143.8	197.4	179.6	164.4	163.4	155.1	161.0	158.2	186.4	140.2	147.6	0.0	203.2	127.9	144.3	171.4	178.0	161.8	152.3	198.1	164.8	181.7	181.8	149.5	142.1	147.2	191.8	183.0	142.6	167.4	154.2	211.1	170.0	162.7	162.3	158.6	193.2	198.6	185.1	160.3	172.1	166.9	180.6	172.5	195.3	144.3	155.0	174.0	153.2	165.8	187.4	173.2	178.7	169.3	201.3	195.4	197.1	168.8	187.1	160.4	157.4	188.8	203.1	158.4	160.8	178.0	164.8	161.6	174.1	201.2	176.9	193.7	153.7	167.3	179.1	178.8	174.8	223.6	182.5	181.3	160.7	149.4	129.6	174.2	172.9	166.4	170.1	199.2	199.3	197.0	134.9	192.8	130.1	148.6	173.3	129.3	163.2	186.3	170.8	147.8	193.9	156.1	155.3	154.8	169.3	147.3	160.3	190.7	159.5	193.7	186.7	180.1	159.8	192.8	167.8	169.1	195.9	167.5	152.8	198.4	190.4	187.5	185.6	183.2	158.7	169.5	209.4	185.1	184.8	121.2	184.1	178.4	181.9	152.0	219.2	155.5	
161.7	122.1	168.7	202.0	182.3	208.9	196.0	190.3	224.9	151.3	206.6	172.4	165.5	197.2	185.3	212.2	187.0	215.2	212.8	202.5	207.6	184.6	165.6	179.3	211.6	203.2	0.0	188.9	182.1	184.7	160.8	197.8	179.1	201.2	190.8	159.8	188.3	203.6	189.2	151.3	206.8	216.2	187.7	185.6	173.3	165.1	189.6	175.6	185.9	211.7	168.6	192.1	184.6	215.0	211.4	197.2	232.6	172.0	170.8	180.9	142.1	166.4	146.1	179.8	138.1	204.5	184.7	151.2	185.5	147.0	164.9	185.0	203.4	139.0	212.7	173.2	180.2	137.5	209.1	187.8	181.5	219.2	127.4	134.7	216.3	182.9	170.5	192.2	168.5	209.0	182.1	161.3	190.0	195.0	156.1	199.2	184.8	221.5	221.3	188.5	213.4	150.7	199.4	225.1	212.6	154.5	178.5	172.5	172.1	189.8	179.0	199.5	184.2	150.9	209.3	179.5	183.7	196.1	180.4	205.3	188.1	155.6	190.6	202.1	166.1	186.7	187.6	145.1	173.3	167.0	153.7	194.1	181.5	189.6	203.0	142.2	220.2	214.8	199.9	197.8	172.7	226.8	178.3	205.8	174.3	218.6	190.7	199.2	191.6	188.1	
154.7	214.2	164.3	154.9	157.4	154.4	194.5	134.6	187.0	192.2	195.4	176.9	205.7	171.9	125.4	159.8	203.1	174.6	185.8	192.6	167.8	128.1	169.6	164.3	146.2	127.9	188.9	0.0	178.2	170.7	193.9	137.9	167.0	212.1	142.9	214.3	176.4	164.2	185.2	134.2	195.5	175.5	197.0	181.8	157.6	207.2	166.7	178.3	147.6	150.9	134.8	234.3	174.9	186.0	160.9	160.7	186.2	142.4	187.8	172.9	133.0	172.2	173.5	168.8	186.2	176.0	179.2	189.2	226.1	169.4	200.8	184.1	192.4	160.9	187.5	146.6	205.8	162.4	166.8	203.5	171.0	151.2	158.5	189.6	146.1	213.5	153.4	162.3	191.3	182.8	149.9	227.6	164.4	189.4	126.5	150.1	171.8	194.8	178.6	157.3	170.4	172.9	202.7	192.5	183.2	189.9	157.0	170.5	154.1	183.9	184.1	203.7	166.3	165.5	182.2	140.3	177.2	201.3	167.7	173.3	137.2	182.5	201.6	196.1	147.1	195.5	177.5	188.4	207.5	146.5	181.3	142.1	182.3	191.0	193.6	205.5	191.1	197.3	164.1	181.5	193.6	173.6	193.1	175.5	186.4	196.9	165.3	162.5	193.9	163.5	
170.0	169.7	179.0	202.0	221.1	215.2	202.3	160.1	215.9	170.1	192.5	202.3	213.3	212.4	173.9	217.4	218.9	199.0	166.2	155.3	215.6	188.0	210.0	173.3	172.1	144.3	182.1	178.2	0.0	211.4	155.6	177.0	178.9	206.6	196.2	217.4	214.4	188.2	200.5	166.0	200.3	236.9	186.1	201.3	151.1	193.7	163.1	194.0	157.9	189.2	221.8	205.6	188.1	200.4	163.6	199.0	215.3	173.2	214.9	155.3	204.4	191.5	137.6	177.5	158.3	199.8	201.6	177.2	210.4	215.0	172.5	202.6	199.8	147.8	191.5	191.7	198.2	147.8	202.3	158.7	187.4	171.6	173.9	193.9	213.7	176.3	188.5	158.8	176.4	198.9	206.1	190.1	205.7	185.7	173.3	180.1	169.6	239.8	167.6	164.8	205.5	192.2	209.5	211.9	153.1	206.6	164.4	177.3	193.0	179.1	181.9	209.6	190.0	167.6	212.0	200.1	161.1	166.7	185.6	189.2	191.3	175.1	170.8	203.5	219.9	169.2	161.5	211.8	160.3	182.1	204.2	187.4	180.1	188.5	161.8	160.9	194.4	181.8	162.8	206.0	204.8	190.0	197.5	173.5	220.1	199.9	196.1	197.3	213.7	172.5	
153.0	221.7	134.1	170.7	181.1	174.0	165.6	131.2	138.5	188.6	148.8	165.9	182.5	154.8	153.4	169.2	178.6	186.1	210.8	153.3	178.5	162.2	174.3	134.4	169.9	171.4	184.7	170.7	211.4	0.0	193.9	167.1	187.2	210.5	144.0	157.8	180.1	213.4	183.3	178.9	172.0	194.3	184.4	154.3	183.2	194.8	183.8	186.2	197.8	181.4	153.1	174.2	203.2	151.0	209.9	171.0	213.2	156.3	199.5	195.1	130.2	183.6	150.1	193.6	208.8	149.6	191.5	130.0	230.9	169.3	174.3	170.4	222.2	187.1	154.1	147.9	206.0	194.3	151.6	237.5	165.4	188.8	167.2	158.0	163.4	192.6	199.4	157.3	175.8	218.0	108.6	210.0	195.4	190.2	192.7	184.0	178.1	196.7	182.3	202.1	153.5	151.1	180.9	172.9	191.4	182.8	119.2	145.2	190.8	185.3	179.6	168.9	189.6	143.8	187.9	160.3	174.7	172.6	196.5	193.3	147.3	162.1	173.4	170.0	161.9	180.6	180.0	178.5	173.1	189.0	207.8	204.3	130.4	189.0	197.9	196.3	162.8	177.9	201.0	169.4	167.1	204.7	199.9	178.5	143.8	190.7	136.4	122.0	176.4	117.0	
155.7	195.7	198.5	187.6	200.8	183.8	180.9	184.7	198.9	148.6	201.0	187.7	190.8	170.7	195.7	210.1	201.9	218.8	193.6	191.1	208.7	191.1	194.2	175.3	187.3	178.0	160.8	193.9	155.6	193.9	0.0	187.5	134.3	221.6	181.7	174.8	192.9	188.1	169.7	136.5	156.8	238.2	192.9	190.6	167.0	185.9	128.8	191.3	189.9	168.1	188.5	159.3	175.5	189.1	176.6	183.0	186.3	157.2	201.0	202.5	192.2	192.8	173.1	195.4	180.2	171.5	181.4	170.2	151.8	198.0	165.5	197.2	229.9	152.6	193.6	162.5	129.5	186.8	198.5	151.8	200.7	171.7	145.6	164.8	197.8	164.1	184.9	182.3	160.8	179.9	201.1	182.4	146.6	196.5	172.9	162.9	178.9	209.7	183.2	172.7	219.3	183.6	219.5	208.7	150.3	213.2	156.4	156.3	181.5	188.3	163.7	209.6	211.6	169.9	197.5	162.9	165.0	166.0	192.4	177.2	170.7	150.0	197.3	163.9	176.7	191.7	192.1	211.8	159.4	143.2	133.2	194.9	172.1	212.2	205.7	157.0	210.0	183.7	177.1	193.8	147.0	211.3	217.3	168.5	201.2	196.5	185.2	190.0	213.2	175.4	
115.2	213.6	140.6	155.1	182.4	183.8	196.5	121.8	170.6	201.1	195.0	159.4	223.7	176.4	168.3	160.5	186.3	135.1	188.7	182.0	185.1	155.2	159.4	173.0	152.6	161.8	197.8	137.9	177.0	167.1	187.5	0.0	192.4	205.2	177.0	218.5	220.6	162.7	204.5	123.0	202.5	217.6	198.9	175.3	149.4	160.5	188.3	203.1	170.3	151.8	179.1	196.2	168.1	199.9	160.0	185.9	236.0	140.2	202.6	211.6	167.0	188.9	171.8	190.2	191.2	172.0	160.8	194.7	200.0	196.4	180.1	188.2	201.8	148.4	161.7	157.6	164.3	184.9	186.2	185.7	199.7	180.1	180.7	195.1	132.3	213.3	183.2	183.8	189.8	163.1	156.0	208.6	188.6	197.9	163.6	180.3	194.9	208.3	164.8	171.3	203.1	166.3	182.4	195.9	195.6	207.5	186.4	186.2	199.2	192.7	210.3	197.6	177.9	183.8	229.9	160.1	186.0	187.3	186.7	152.9	141.8	173.6	187.1	174.0	172.8	168.2	151.6	202.7	187.7	191.2	214.6	164.1	180.1	191.6	200.5	191.4	162.6	206.6	206.2	166.2	207.4	184.9	218.6	179.7	190.6	189.4	161.9	170.5	177.7	161.6	
141.6	219.0	181.1	197.8	200.6	173.6	208.6	171.1	178.8	153.1	168.6	166.0	197.1	158.9	179.8	194.7	188.7	190.7	173.7	194.3	176.6	165.5	196.1	146.0	157.5	152.3	179.1	167.0	178.9	187.2	134.3	192.4	0.0	204.5	171.1	160.2	182.3	177.5	153.4	162.0	168.2	197.8	178.0	171.4	156.1	197.7	142.7	125.8	163.6	174.2	188.9	199.1	151.6	190.6	176.6	188.0	162.2	181.8	200.5	164.4	183.1	156.6	187.3	177.5	200.8	160.4	141.6	191.5	168.3	190.0	150.8	191.8	206.5	159.6	185.4	160.7	170.1	197.8	168.6	171.9	162.6	174.4	177.8	170.4	211.9	158.5	136.1	177.8	171.9	162.4	166.8	195.0	119.5	204.4	165.3	140.1	189.6	163.2	194.7	181.1	199.1	184.1	174.0	189.3	166.6	186.5	167.5	124.0	159.1	189.5	195.6	206.7	212.3	133.0	156.6	178.2	152.4	168.8	195.1	179.0	159.7	146.4	157.0	176.3	159.7	209.9	195.6	205.6	145.2	141.2	127.6	176.1	156.7	195.3	204.6	182.7	213.7	163.8	184.4	217.8	158.4	210.9	196.9	161.3	205.4	183.5	180.6	142.0	205.4	153.4	
206.5	170.3	165.2	159.4	158.2	160.2	187.5	192.7	173.5	201.7	190.3	186.6	156.7	193.5	159.0	154.2	167.8	185.8	180.9	205.3	191.3	160.8	163.6	164.6	205.0	198.1	201.2	212.1	206.6	210.5	221.6	205.2	204.5	0.0	190.6	208.7	218.6	172.7	166.1	215.3	173.1	181.0	173.7	202.8	177.7	187.2	193.9	195.3	125.9	185.8	232.1	172.6	180.2	194.4	142.6	211.4	255.7	202.1	170.8	182.1	186.0	162.0	165.6	173.0	182.3	202.5	191.8	158.0	176.6	192.1	189.3	194.9	161.5	176.6	209.3	213.4	193.5	208.7	196.1	184.7	159.6	174.0	175.0	174.1	193.9	185.4	149.0	191.0	172.5	200.3	185.1	242.1	211.0	172.3	169.2	203.7	166.6	221.7	189.9	143.9	177.9	184.5	125.8	185.3	175.6	192.9	199.1	202.0	180.3	184.0	220.6	140.2	161.1	183.3	200.5	194.1	201.6	176.1	199.1	208.1	173.9	152.8	143.5	198.3	168.5	149.6	177.6	186.7	178.9	191.1	203.0	196.0	225.1	177.4	181.0	168.0	197.5	172.8	196.9	169.8	187.6	224.1	164.9	188.9	217.0	134.0	193.9	212.6	179.4	193.5	
166.0	187.1	169.5	157.8	121.0	133.9	205.3	165.3	120.7	194.0	177.0	117.9	141.9	156.8	176.0	163.1	222.5	191.6	184.7	191.5	165.1	143.0	171.1	131.4	138.6	164.8	190.8	142.9	196.2	144.0	181.7	177.0	171.1	190.6	0.0	159.5	158.6	187.0	192.3	149.5	172.0	178.6	186.9	202.0	172.2	223.6	164.5	171.6	165.1	165.9	166.9	182.0	135.6	158.6	164.7	151.8	218.7	134.8	210.5	162.1	131.5	147.2	175.2	183.8	188.3	149.9	200.9	140.9	216.4	146.5	196.0	172.8	201.1	174.6	170.8	139.7	205.0	197.8	177.6	201.0	164.1	152.0	179.4	160.4	166.2	152.6	164.8	127.4	160.3	220.3	140.7	227.5	175.7	163.7	178.9	151.3	176.0	220.0	180.1	149.0	175.7	166.7	165.9	204.0	166.1	184.1	152.9	154.9	152.6	198.2	190.8	178.8	191.5	162.2	170.2	147.1	165.4	167.4	157.2	219.1	173.6	134.0	190.0	196.4	140.5	168.4	218.7	160.8	211.5	155.3	185.4	178.7	156.6	185.9	166.7	179.0	205.2	152.8	135.1	164.3	158.3	193.5	181.5	164.7	155.2	183.0	164.4	175.3	152.9	156.2	
165.5	202.1	199.9	215.6	183.6	172.2	189.6	179.6	179.2	196.5	161.3	161.0	177.9	151.5	202.1	205.1	188.7	206.7	206.1	183.1	163.3	187.8	184.8	169.5	205.7	181.7	159.8	214.3	217.4	157.8	174.8	218.5	160.2	208.7	159.5	0.0	181.5	193.4	179.5	185.3	197.9	194.2	170.7	201.0	214.1	203.2	194.6	165.4	207.6	213.5	191.3	170.9	162.8	189.9	216.7	199.2	231.8	185.1	197.0	185.5	146.2	165.6	179.6	180.3	199.6	162.7	194.4	150.9	171.1	197.1	185.2	171.0	230.2	203.4	197.9	187.7	184.8	179.5	194.0	197.2	198.0	206.8	163.4	171.0	217.8	154.0	176.4	191.1	170.9	236.9	163.4	202.5	182.2	201.3	198.6	203.6	181.0	191.3	191.8	203.2	200.8	176.5	186.1	202.8	188.5	181.9	165.0	129.9	195.0	199.9	175.4	185.7	215.3	149.4	169.1	157.1	159.1	168.2	166.8	203.6	208.3	151.3	176.5	185.0	167.1	170.1	198.2	185.6	186.9	181.6	188.1	232.9	143.5	214.2	196.8	177.4	238.4	163.4	184.5	206.4	161.4	240.4	171.6	152.5	136.5	183.8	170.7	167.7	198.4	179.4	
187.2	200.2	213.1	196.7	163.9	155.3	163.0	191.1	183.6	164.7	155.5	167.1	131.6	165.5	183.3	173.9	239.4	218.5	176.2	189.3	113.1	205.5	178.9	166.5	214.1	181.8	188.3	176.4	214.4	180.1	192.9	220.6	182.3	218.6	158.6	181.5	0.0	189.9	180.5	178.8	199.4	169.8	171.0	188.6	216.4	227.0	167.1	213.4	176.5	145.7	186.1	208.3	168.7	181.6	193.7	169.4	167.5	158.9	233.4	152.9	174.4	183.0	194.1	197.7	210.3	176.3	218.1	161.2	203.2	168.3	169.3	143.1	166.1	155.1	172.1	149.3	218.2	192.8	171.2	182.8	159.4	204.3	173.0	180.0	199.8	186.5	195.8	155.8	177.4	211.1	195.8	187.5	154.5	179.8	167.2	210.4	146.9	163.8	189.9	154.7	166.5	175.0	199.2	199.9	194.8	129.8	187.3	195.6	97.8	187.3	198.9	155.8	195.9	125.7	147.9	166.4	188.5	204.4	188.2	189.9	172.1	178.9	224.5	179.9	157.2	198.7	205.2	208.1	200.4	147.2	174.9	213.9	154.1	145.3	208.2	207.0	189.6	163.8	153.1	143.3	167.8	176.3	187.2	149.6	153.7	212.6	156.2	181.4	188.2	177.6	
182.0	227.4	206.4	197.8	183.0	138.6	176.1	143.0	197.1	195.1	181.4	184.7	216.0	205.6	147.0	145.0	196.4	161.6	201.7	215.7	148.6	197.8	192.5	178.8	169.3	149.5	203.6	164.2	188.2	213.4	188.1	162.7	177.5	172.7	187.0	193.4	189.9	0.0	160.0	166.4	193.9	192.1	183.1	200.1	178.8	191.5	185.2	196.9	160.7	134.3	206.3	188.0	137.8	191.6	168.5	215.3	233.7	163.5	206.4	174.9	173.5	168.4	175.4	204.1	167.1	139.3	196.1	188.3	186.4	206.6	206.1	192.5	188.3	149.1	168.5	171.4	167.4	187.8	220.5	177.1	198.8	180.0	180.5	194.9	166.9	198.0	151.2	178.0	185.4	174.4	199.7	237.3	156.1	198.3	133.3	218.8	160.4	172.8	144.7	153.4	189.7	214.6	183.1	190.5	187.4	168.7	196.4	183.2	177.7	161.1	191.8	145.5	170.7	175.9	195.8	148.5	162.2	189.7	172.9	161.5	157.9	161.6	175.8	196.6	162.7	181.0	175.9	211.7	184.6	155.8	184.6	198.2	176.7	214.8	211.1	215.0	211.1	178.8	169.5	171.8	182.9	152.0	197.7	143.3	175.3	153.3	179.5	188.1	198.2	214.4	
196.9	220.1	199.6	182.4	172.1	129.3	151.3	160.9	186.5	164.9	171.2	223.7	194.0	189.7	157.1	193.1	172.0	179.2	200.3	194.8	167.5	186.0	157.8	139.7	192.6	142.1	189.2	185.2	200.5	183.3	169.7	204.5	153.4	166.1	192.3	179.5	180.5	160.0	0.0	185.3	138.8	179.7	148.7	120.5	155.3	206.9	183.5	171.0	182.0	149.3	223.1	170.0	199.3	190.8	191.6	182.3	196.7	206.0	165.6	143.4	176.5	177.6	161.0	198.1	191.4	190.7	170.0	156.4	182.1	197.3	199.3	181.9	212.4	167.9	184.7	206.2	167.6	185.7	190.4	170.2	182.9	185.8	156.7	197.3	193.6	182.6	134.8	181.6	146.0	170.5	172.9	221.4	196.1	176.3	161.2	176.7	164.6	152.1	177.7	162.5	188.7	188.2	186.2	175.3	141.3	200.3	156.6	180.0	173.6	132.1	182.6	172.4	162.4	157.9	191.0	142.6	200.8	176.8	173.9	171.8	140.6	190.8	134.8	204.3	163.4	198.2	186.7	188.0	162.4	153.9	142.2	187.6	191.2	195.4	233.9	186.1	167.0	195.6	175.2	168.8	187.9	226.0	191.2	174.3	180.2	180.4	170.7	176.5	227.9	158.8	
130.7	174.2	169.2	144.4	163.4	173.9	190.0	140.8	194.6	177.7	208.3	152.3	177.2	173.1	175.8	200.6	199.0	176.8	186.0	193.8	173.1	158.2	169.2	164.7	145.9	147.2	151.3	134.2	166.0	178.9	136.5	123.0	162.0	215.3	149.5	185.3	178.8	166.4	185.3	0.0	197.9	222.4	172.6	195.5	150.0	154.8	162.8	178.2	156.0	166.4	166.4	188.0	163.8	197.3	166.0	159.8	211.3	124.3	200.9	186.9	151.8	175.6	164.6	185.9	162.7	172.6	157.6	168.6	183.6	166.6	182.5	152.8	205.1	110.9	160.6	150.1	175.2	166.3	192.1	156.9	174.3	177.5	165.4	172.5	183.9	189.3	156.0	156.8	169.2	142.6	188.1	176.6	166.4	195.8	151.3	140.7	173.9	199.7	192.3	162.0	198.4	167.7	193.8	201.3	176.2	180.1	164.2	156.8	168.3	170.5	185.8	200.3	166.7	157.5	209.9	161.1	165.1	159.2	154.7	177.5	164.1	176.7	202.0	180.6	158.6	176.2	185.6	184.2	182.8	164.4	159.4	170.1	166.2	190.4	206.4	163.0	192.0	209.2	156.8	143.8	197.8	183.2	178.1	164.5	176.4	206.3	171.4	182.2	190.2	175.8	
187.5	214.7	182.4	181.4	174.0	131.4	160.1	165.5	160.1	155.5	149.2	206.2	177.9	183.3	165.5	174.7	189.9	181.7	177.1	176.6	185.5	174.1	196.8	143.9	165.8	191.8	206.8	195.5	200.3	172.0	156.8	202.5	168.2	173.1	172.0	197.9	199.4	193.9	138.8	197.9	0.0	188.4	210.0	188.3	170.9	208.7	148.7	166.6	186.7	164.9	209.8	125.8	186.9	151.8	170.9	202.5	184.3	184.4	165.3	194.4	170.2	163.0	179.0	187.5	207.1	170.2	166.3	143.5	204.2	186.0	197.8	206.9	235.1	187.1	177.3	162.0	157.2	195.2	202.4	201.9	175.8	168.5	156.0	207.1	176.9	146.0	144.8	163.4	157.3	170.6	148.2	204.8	195.4	155.4	180.7	198.7	179.7	191.8	156.2	167.6	186.6	166.9	165.4	157.6	163.3	217.4	151.4	190.4	178.4	168.8	202.9	169.7	175.2	180.0	167.2	150.5	208.0	176.7	185.7	187.8	120.8	161.4	172.4	174.3	135.6	176.2	182.5	196.6	171.9	170.7	179.7	182.3	217.3	206.9	210.6	194.1	165.5	160.6	187.9	185.8	159.4	207.8	216.8	213.6	191.5	200.0	156.3	205.7	227.2	154.6	
197.6	227.6	207.8	201.5	144.4	126.7	217.8	201.0	171.9	216.2	177.3	184.0	189.4	166.0	186.8	172.3	203.3	157.3	179.8	171.5	163.5	181.2	173.4	137.4	220.6	183.0	216.2	175.5	236.9	194.3	238.2	217.6	197.8	181.0	178.6	194.2	169.8	192.1	179.7	222.4	188.4	0.0	180.8	195.6	230.0	252.2	184.4	166.9	180.6	153.4	177.9	217.3	191.0	194.7	180.7	182.6	174.7	180.0	164.9	186.6	151.8	180.8	198.2	167.6	240.1	196.8	193.5	181.4	208.2	186.3	202.9	193.5	204.7	209.2	214.2	181.7	222.2	191.7	208.4	198.9	184.1	205.7	178.5	203.1	187.1	186.7	184.0	207.4	239.3	234.0	173.2	251.7	188.1	164.5	144.7	234.4	162.3	176.0	175.1	188.7	207.3	157.7	195.8	216.9	193.4	174.8	203.4	196.3	156.3	198.3	202.7	174.4	197.5	174.0	182.9	136.6	223.3	228.6	222.3	204.5	173.6	190.0	216.9	192.7	164.6	206.3	179.7	177.7	197.1	181.6	231.5	192.3	209.6	197.4	216.9	216.1	193.4	164.6	196.9	178.5	185.3	218.1	209.3	187.1	156.4	205.5	161.5	196.2	215.6	174.2	
185.7	191.5	173.9	170.6	198.5	164.9	173.1	179.1	189.1	201.9	169.4	182.6	181.7	160.3	182.0	213.2	149.1	176.6	159.9	176.5	155.7	179.5	155.0	150.3	215.5	142.6	187.7	197.0	186.1	184.4	192.9	198.9	178.0	173.7	186.9	170.7	171.0	183.1	148.7	172.6	210.0	180.8	0.0	165.1	194.2	184.0	213.8	201.7	163.4	170.0	224.8	198.9	189.0	192.4	201.2	183.7	210.6	164.1	208.2	142.4	177.9	195.9	130.4	163.1	165.8	204.2	189.0	152.3	180.1	185.1	187.8	147.7	190.8	165.5	188.1	224.8	197.4	173.6	173.9	155.5	175.4	222.1	175.1	181.1	209.4	191.2	184.1	180.5	180.0	191.8	199.3	224.7	189.8	179.2	148.4	188.1	147.8	175.9	201.3	155.9	185.1	191.7	195.3	206.7	149.1	163.3	159.1	155.8	183.7	176.3	163.5	151.1	149.9	149.7	186.9	175.9	156.1	182.2	198.3	199.2	189.2	190.9	168.2	208.8	196.7	187.6	177.2	162.0	150.6	200.6	176.9	202.5	170.2	151.4	215.2	170.0	160.1	205.1	167.6	147.6	197.5	224.7	142.0	129.9	180.4	175.4	173.9	182.4	206.2	168.9	
