150

15266

157.0	41.0	28.0	409.0	342.0	284.0	970.0	141.0	916.0	281.0	605.0	378.0	33.0	631.0	414.0	695.0	663.0	512.0	823.0	20.0	77.0	423.0	586.0	636.0	996.0	580.0	410.0	792.0	627.0	632.0	659.0	783.0	25.0	38.0	544.0	366.0	673.0	865.0	506.0	589.0	146.0	463.0	318.0	178.0	445.0	731.0	224.0	107.0	594.0	399.0	478.0	670.0	821.0	63.0	658.0	816.0	642.0	419.0	960.0	268.0	403.0	618.0	403.0	427.0	8.0	946.0	792.0	680.0	162.0	649.0	620.0	307.0	463.0	289.0	836.0	907.0	372.0	412.0	365.0	965.0	162.0	843.0	987.0	982.0	905.0	644.0	150.0	899.0	414.0	461.0	518.0	816.0	430.0	920.0	242.0	437.0	217.0	385.0	469.0	379.0	386.0	440.0	685.0	848.0	729.0	873.0	755.0	100.0	636.0	471.0	64.0	797.0	313.0	50.0	130.0	570.0	45.0	279.0	468.0	459.0	739.0	985.0	274.0	521.0	905.0	868.0	957.0	473.0	252.0	777.0	851.0	637.0	217.0	888.0	485.0	945.0	112.0	591.0	44.0	747.0	61.0	459.0	543.0	374.0	509.0	672.0	295.0	553.0	303.0	762.0	

0.0	107.4	136.7	99.6	117.3	126.2	135.1	115.2	112.7	114.6	67.9	149.0	114.2	98.9	128.5	82.3	142.9	100.3	119.2	115.3	140.5	104.0	140.9	105.3	126.0	118.3	147.6	69.9	111.6	142.2	107.4	107.0	90.4	146.5	118.7	116.9	128.9	145.1	145.7	114.1	88.9	77.2	97.9	98.1	127.8	93.6	87.4	146.5	109.4	127.8	133.0	121.2	135.3	111.6	162.4	97.6	151.8	101.8	81.7	132.2	58.1	119.4	97.3	113.9	116.2	57.2	110.7	133.9	140.5	160.9	154.5	125.3	107.8	126.3	100.5	136.3	98.7	146.6	52.9	70.6	82.5	58.6	108.5	130.8	134.2	70.3	108.8	144.7	134.1	92.0	63.1	128.3	110.8	129.1	142.8	126.4	159.3	100.1	106.4	141.2	114.1	116.5	134.6	104.0	90.1	99.0	148.8	118.9	115.7	114.8	94.9	118.4	108.7	52.3	88.5	74.6	132.3	99.1	141.1	101.4	95.2	120.0	103.8	105.7	90.7	116.1	139.9	139.0	109.5	167.3	132.3	103.7	102.5	67.2	131.9	103.0	69.5	94.7	108.3	114.6	96.8	57.5	122.9	65.1	87.5	84.2	139.9	89.5	120.3	125.4	
107.4	0.0	160.6	121.4	112.2	119.2	132.8	111.3	117.8	121.3	131.6	106.5	122.7	102.2	168.4	129.7	126.6	20.1	146.1	109.0	103.0	102.7	106.6	107.7	108.4	150.8	131.3	47.1	133.4	119.7	109.4	123.6	86.0	128.2	136.5	115.0	91.9	113.1	97.5	97.9	130.5	61.7	93.3	138.3	131.1	78.7	128.1	134.0	107.9	125.3	99.5	159.5	129.8	67.5	127.0	119.1	154.9	130.2	131.7	149.3	111.3	160.3	136.6	101.3	114.1	124.0	107.2	99.9	125.5	157.3	133.7	94.6	115.4	142.0	122.9	148.6	62.1	99.9	76.7	110.2	145.8	112.5	121.2	128.6	147.1	114.0	131.6	143.3	138.1	122.6	80.3	96.7	118.6	142.8	141.6	112.1	188.1	113.3	154.8	91.9	118.7	149.1	89.5	139.1	134.6	125.8	121.4	82.7	130.3	106.4	95.9	122.8	105.3	83.5	137.0	124.7	119.2	137.6	123.9	104.5	133.9	123.5	132.3	89.5	137.1	80.6	126.1	168.5	26.0	125.2	95.5	136.2	117.5	104.5	103.0	89.4	100.8	144.1	133.2	129.1	95.5	82.8	143.0	83.4	125.1	76.9	128.6	95.0	121.9	94.8	
136.7	160.6	0.0	141.5	81.7	79.0	107.2	81.1	115.9	147.5	123.3	98.2	112.9	109.0	90.2	117.7	80.3	167.3	48.5	100.2	144.8	93.7	91.3	124.3	123.5	79.7	65.9	139.6	78.1	122.8	114.7	122.6	97.7	104.0	48.2	107.6	92.1	94.7	142.8	128.2	81.8	131.5	117.6	108.3	102.8	155.0	118.8	92.3	82.9	98.3	103.9	82.3	83.2	132.7	93.3	91.3	60.7	81.2	97.0	75.0	127.8	65.7	124.6	115.2	94.6	146.1	92.1	110.1	104.2	62.2	89.8	110.7	137.7	83.9	79.5	73.6	108.3	140.6	123.6	113.9	96.9	104.4	63.5	69.4	68.9	126.0	61.2	115.4	92.9	78.3	124.3	113.6	101.9	134.2	82.6	95.8	48.2	112.6	93.7	123.6	117.1	36.0	153.8	84.5	80.3	85.3	101.3	140.0	78.9	105.0	114.6	127.1	133.2	112.3	93.5	93.8	103.0	105.6	60.1	120.8	118.9	133.1	73.6	103.5	111.4	101.0	101.8	53.4	168.3	117.7	127.9	134.8	107.6	128.1	124.5	115.6	92.1	93.0	54.0	74.8	132.1	117.8	72.6	151.4	114.1	121.8	99.1	131.0	105.6	120.0	
99.6	121.4	141.5	0.0	79.7	149.8	80.9	108.2	127.9	70.2	138.6	153.9	121.0	130.7	138.0	138.8	167.0	120.3	113.0	128.9	101.9	90.0	153.8	157.8	104.7	131.4	125.6	111.4	92.9	166.0	103.8	98.2	97.8	173.1	147.8	141.7	139.1	124.6	132.5	94.3	115.3	109.3	125.7	122.2	126.4	93.4	125.6	161.0	139.2	105.4	158.1	166.0	124.2	146.1	170.3	120.3	134.8	116.4	140.8	130.3	114.7	159.8	102.0	92.2	118.9	118.7	95.8	146.7	174.7	133.0	150.0	163.8	150.5	99.3	136.0	133.8	111.4	142.9	97.2	122.2	120.5	72.4	86.2	118.4	132.3	129.7	123.0	146.5	157.8	118.1	99.1	130.3	92.8	155.0	137.6	151.6	150.6	119.9	104.2	149.1	106.8	129.5	134.1	135.5	80.3	112.7	147.0	156.9	157.6	132.8	103.9	110.8	115.4	100.4	98.7	119.0	92.6	96.7	133.1	153.9	122.6	146.2	135.1	100.5	139.5	137.2	171.9	127.3	115.5	161.4	143.3	97.4	78.6	114.9	152.1	116.4	123.0	128.7	128.8	85.0	113.5	88.7	91.8	87.2	114.6	107.3	159.3	53.2	94.0	123.1	
117.3	112.2	81.7	79.7	0.0	97.6	68.8	60.4	105.4	85.2	127.4	94.1	86.6	91.3	113.6	125.2	105.2	118.5	67.3	93.1	92.2	49.9	87.6	125.8	71.6	96.3	47.9	104.8	52.4	129.8	95.6	93.7	63.6	124.3	94.0	103.3	79.1	62.6	92.6	82.0	87.2	102.8	109.0	106.6	85.9	104.1	116.3	99.2	83.1	52.3	103.3	127.1	71.9	111.6	102.7	80.7	74.5	85.3	116.8	89.2	114.9	119.4	101.8	72.5	76.4	129.3	52.2	91.0	127.3	65.2	90.6	115.4	127.1	56.3	97.5	78.7	70.3	109.1	95.8	111.6	115.5	80.7	25.0	62.6	73.5	124.1	84.1	98.2	103.2	87.3	96.4	80.4	77.9	139.1	71.2	109.0	94.4	109.6	85.3	97.8	92.7	83.2	109.7	109.2	71.1	79.2	85.1	119.2	111.4	98.7	83.7	95.4	97.9	88.5	82.0	104.5	51.6	79.4	62.0	115.7	122.8	118.5	92.1	55.5	119.1	87.0	122.1	83.8	114.8	100.5	106.7	98.3	53.1	111.7	109.0	82.6	93.0	99.8	87.7	48.0	96.5	84.1	55.7	111.2	116.0	87.4	113.9	72.5	54.7	82.5	
126.2	119.2	79.0	149.8	97.6	0.0	119.5	64.6	111.3	150.6	131.3	79.1	117.1	79.1	136.1	110.8	59.6	130.8	97.5	97.3	145.8	95.8	73.9	110.9	132.7	99.3	87.0	102.7	120.1	94.5	101.4	131.5	65.7	69.1	64.5	112.3	51.9	74.4	140.1	129.9	76.3	105.1	88.6	127.8	124.1	130.5	112.1	110.7	66.2	106.9	84.0	99.9	78.0	99.5	82.7	94.2	95.8	104.0	107.2	117.7	130.6	75.0	153.3	120.9	96.1	152.2	112.3	91.3	74.4	87.5	108.8	68.3	106.4	111.4	85.8	115.7	82.0	128.1	94.2	101.0	105.7	114.6	87.6	84.1	108.6	125.1	85.5	140.9	82.1	98.2	104.1	98.7	109.5	117.4	108.4	33.8	121.2	92.5	140.0	106.5	119.9	68.4	146.5	89.5	101.2	118.2	96.6	92.3	51.9	89.4	119.8	150.5	143.8	101.2	111.3	91.6	105.2	131.9	68.9	108.3	116.1	131.6	87.1	104.1	113.7	45.3	81.3	113.7	129.3	119.3	106.3	164.2	129.4	102.0	117.1	94.1	73.5	124.3	77.0	83.5	138.9	107.1	116.3	124.0	101.4	88.1	93.3	117.2	110.6	119.7	
135.1	132.8	107.2	80.9	68.8	119.5	0.0	87.7	103.6	108.3	160.3	112.0	132.2	142.5	111.2	139.0	133.4	139.2	89.1	97.0	93.0	81.9	127.5	149.7	118.6	112.5	89.1	126.8	89.2	122.7	68.0	94.7	99.1	129.2	117.4	123.1	116.0	101.5	130.3	101.6	112.1	113.3	98.8	115.2	115.3	115.0	119.8	144.5	131.9	109.9	133.9	152.6	103.2	138.6	127.7	123.2	101.7	99.4	139.2	92.1	130.5	137.4	117.4	83.2	100.6	153.3	85.8	129.4	137.5	90.1	110.3	139.8	154.6	92.5	113.0	125.6	108.3	115.8	112.7	126.8	113.2	86.2	76.6	81.1	115.9	139.9	96.5	141.8	143.9	111.8	107.5	134.5	55.0	124.3	125.3	117.9	118.4	102.7	121.6	128.9	86.8	104.0	134.4	104.6	78.8	113.6	123.7	160.2	134.4	111.2	101.7	112.9	123.1	123.0	122.2	107.8	68.5	113.4	88.5	163.8	104.2	148.5	133.2	104.7	141.7	119.5	141.6	89.1	131.1	126.5	115.9	128.9	104.9	125.6	135.2	116.6	124.8	144.2	96.3	65.6	136.0	106.8	64.1	114.1	97.4	125.7	115.1	84.7	104.7	116.8	
115.2	111.3	81.1	108.2	60.4	64.6	87.7	0.0	94.4	96.4	131.2	85.6	71.6	78.1	118.5	96.5	101.7	119.5	74.9	89.4	132.0	58.6	78.0	121.9	120.5	111.5	71.1	101.2	86.2	122.4	79.0	85.0	50.3	109.3	89.6	105.4	74.4	53.5	116.2	123.5	79.2	92.2	97.6	110.9	122.8	112.8	110.7	120.3	77.6	81.8	92.0	112.4	35.4	110.4	94.8	93.1	100.8	107.9	106.5	106.2	117.1	110.1	120.1	113.3	96.7	133.0	79.7	83.4	119.4	75.6	94.4	96.9	125.7	97.7	88.1	100.3	64.6	108.0	89.0	119.6	115.7	91.2	53.7	43.5	105.3	132.2	85.0	118.0	69.7	96.7	85.2	99.2	78.6	109.4	89.3	81.3	109.1	109.2	111.1	97.7	78.6	71.1	119.9	99.6	85.2	105.6	67.9	108.1	99.3	65.8	93.2	118.5	122.6	96.5	100.8	83.6	56.3	105.5	64.4	111.6	127.6	143.3	83.9	68.4	127.3	66.6	124.6	106.8	121.0	111.7	100.0	136.4	91.5	99.9	117.6	68.9	70.9	110.2	84.4	53.6	125.5	86.4	96.0	109.1	110.3	91.5	112.9	73.2	59.1	116.6	
112.7	117.8	115.9	127.9	105.4	111.3	103.6	94.4	0.0	110.4	131.1	96.0	104.9	120.7	92.3	78.0	118.6	115.5	111.8	31.1	138.9	65.0	101.1	76.2	139.2	107.2	108.4	96.6	98.0	86.2	59.2	65.8	97.4	94.3	99.0	50.8	114.5	132.5	103.6	134.9	98.8	90.9	63.8	50.2	104.1	94.5	60.4	133.9	100.9	119.5	96.9	138.9	122.3	88.3	103.6	95.0	146.1	87.9	97.0	79.2	77.1	127.9	91.0	109.1	79.9	120.0	76.4	79.9	110.3	130.7	99.8	91.8	113.2	122.9	53.3	141.6	81.6	66.4	87.1	115.0	120.0	76.9	106.1	81.0	111.7	122.6	108.9	98.9	98.9	115.6	58.2	148.5	51.7	50.0	107.4	117.2	125.1	128.6	132.2	82.7	52.1	118.6	90.5	65.7	120.8	109.3	94.0	119.9	112.3	80.9	53.9	93.8	81.7	111.6	145.6	64.5	85.8	93.1	92.5	120.1	105.3	117.2	128.8	85.7	101.6	101.7	124.5	110.3	120.6	95.5	49.7	119.1	108.1	82.5	75.5	67.8	82.9	129.7	95.7	116.0	124.5	67.9	106.1	98.8	108.6	128.1	73.8	104.2	109.3	105.1	
114.6	121.3	147.5	70.2	85.2	150.6	108.3	96.4	110.4	0.0	148.8	148.5	81.5	115.4	144.2	124.4	171.4	117.4	125.7	119.8	138.0	68.5	138.6	147.4	121.1	144.7	121.7	113.4	94.9	172.6	110.0	76.2	94.2	174.3	154.6	126.0	140.0	123.0	106.4	131.9	118.3	115.7	135.8	112.0	132.9	89.3	122.2	163.4	127.0	91.9	147.6	175.4	115.5	137.4	159.4	112.6	157.9	133.0	142.8	136.3	114.3	175.0	98.6	122.0	118.2	122.7	87.4	117.9	183.7	137.0	143.0	155.5	145.5	114.1	130.1	141.5	96.4	120.5	103.2	148.7	154.6	90.6	93.7	105.1	132.9	155.5	143.5	116.1	124.5	139.9	90.6	138.0	95.9	140.2	113.9	162.8	149.9	159.1	116.4	125.3	88.1	142.7	107.2	143.2	118.6	126.0	113.9	140.2	165.6	120.4	90.9	106.4	104.9	115.6	125.6	120.5	70.7	85.4	129.7	141.0	157.7	150.8	140.4	76.3	145.4	131.3	184.7	144.2	119.4	142.2	123.7	103.1	67.8	110.7	136.5	82.1	114.7	131.4	145.3	103.7	122.9	81.6	116.8	98.1	150.1	119.2	161.4	54.0	59.2	126.1	
67.9	131.6	123.3	138.6	127.4	131.3	160.3	131.2	131.1	148.8	0.0	142.0	115.5	107.0	115.3	90.8	127.7	126.0	108.0	122.8	149.8	123.5	128.2	94.4	124.1	124.8	144.9	101.6	104.6	149.4	138.3	127.6	116.5	148.3	101.1	109.9	128.6	151.6	147.0	121.0	110.0	96.0	122.1	106.4	123.1	139.4	116.6	111.2	101.6	138.3	116.0	83.8	140.0	114.8	149.2	102.9	141.7	101.6	52.3	122.1	67.9	107.9	95.5	125.2	126.5	52.1	110.3	133.7	132.1	164.6	137.5	119.1	128.6	135.4	95.6	105.6	108.7	155.3	97.4	82.5	94.2	89.9	114.2	134.7	121.1	51.3	94.1	129.8	131.6	67.0	99.8	118.7	134.5	154.1	133.3	133.6	144.8	115.2	86.3	138.7	134.4	110.1	138.1	114.2	105.8	70.8	145.3	127.8	109.8	117.7	102.2	110.3	107.3	57.2	87.9	92.5	155.8	110.4	137.9	70.7	117.1	118.9	75.3	109.6	96.3	124.2	124.7	133.4	141.2	159.2	144.7	98.8	108.6	110.9	125.1	123.3	73.8	53.8	97.1	134.7	78.4	89.9	125.8	123.6	115.3	105.9	137.1	134.8	137.7	123.4	
149.0	106.5	98.2	153.9	94.1	79.1	112.0	85.6	96.0	148.5	142.0	0.0	114.6	114.8	120.2	122.9	65.1	116.9	99.4	70.4	114.4	92.1	39.7	96.2	119.4	125.3	72.6	110.3	105.4	79.5	97.4	116.0	98.1	72.2	79.1	80.1	59.9	82.9	95.7	117.4	123.2	95.1	89.0	121.3	110.0	135.0	129.4	83.2	84.9	117.9	39.5	117.7	93.0	79.7	28.7	113.1	104.8	106.4	112.4	91.9	127.0	121.8	133.4	104.9	95.2	152.4	82.6	66.4	75.2	102.4	50.6	57.3	136.2	125.2	82.6	105.7	69.4	73.7	117.7	125.9	138.2	122.7	97.4	72.4	105.8	127.5	87.4	110.6	99.5	99.2	108.1	99.4	96.4	119.9	100.0	78.9	124.8	114.7	139.4	57.2	100.6	104.4	98.1	105.6	126.9	103.5	68.1	108.3	96.4	73.0	91.5	110.7	110.0	113.4	142.0	110.9	100.1	135.9	49.7	106.2	131.6	129.7	104.8	84.8	136.4	66.3	82.5	115.8	120.0	59.6	71.6	147.2	122.5	132.6	76.6	95.3	97.7	130.4	83.4	111.7	116.9	111.5	110.2	141.9	126.6	118.1	68.5	131.0	119.1	91.2	
114.2	122.7	112.9	121.0	86.6	117.1	132.2	71.6	104.9	81.5	115.5	114.6	0.0	84.4	121.3	87.6	135.4	121.5	95.8	105.8	154.8	72.0	91.9	117.4	126.4	141.4	102.7	112.5	81.3	159.5	116.4	76.2	87.5	150.1	117.6	100.1	112.4	100.6	102.2	143.5	109.6	101.8	132.1	106.0	132.4	125.6	125.8	122.5	88.1	93.7	99.9	121.3	77.2	117.8	118.7	100.5	140.2	128.1	99.5	119.8	103.6	143.8	94.9	137.1	119.2	105.7	76.1	84.7	155.2	124.2	103.9	117.1	142.3	123.5	99.4	99.4	73.4	111.6	107.8	142.6	146.8	101.7	81.6	74.7	115.6	136.9	112.7	88.1	67.5	108.8	91.3	113.0	106.4	131.3	83.8	135.2	124.1	153.2	95.1	97.7	84.5	109.8	98.3	129.7	119.3	100.0	65.6	116.6	134.7	77.9	82.6	96.9	103.6	99.4	113.8	101.0	86.8	95.7	103.0	88.9	162.5	149.4	87.8	53.3	137.5	103.3	156.3	134.5	135.1	118.4	113.6	112.5	74.2	116.4	115.3	68.5	75.8	87.8	115.6	105.6	108.9	85.7	121.2	127.1	151.3	114.4	141.9	93.9	57.4	124.1	
98.9	102.2	109.0	130.7	91.3	79.1	142.5	78.1	120.7	115.4	107.0	114.8	84.4	0.0	154.0	108.8	98.9	106.7	115.1	114.1	149.8	82.1	87.0	105.1	105.7	107.4	101.1	79.6	110.3	137.0	128.1	127.9	48.0	120.2	98.5	112.8	72.6	89.4	115.8	122.4	70.2	104.8	116.3	122.1	114.3	103.8	109.8	111.1	44.8	73.6	100.5	120.9	94.8	91.1	116.7	63.0	121.4	110.1	108.0	137.7	112.6	108.1	135.7	120.4	93.2	122.3	103.5	81.9	120.8	114.4	132.7	91.5	81.4	101.4	100.8	113.8	65.5	134.9	75.2	99.7	125.1	105.7	84.4	105.6	102.1	122.0	115.4	116.0	73.4	107.2	91.0	77.9	126.8	142.9	88.6	100.1	135.6	124.9	121.4	103.7	127.6	100.6	127.7	118.9	109.8	109.9	97.0	56.8	86.9	109.2	108.8	139.4	121.5	74.5	89.0	104.6	104.6	99.8	100.6	73.3	141.1	109.9	86.3	76.8	99.5	60.9	115.7	135.7	109.4	128.5	115.4	131.6	92.3	83.1	112.1	66.6	60.3	99.5	112.8	96.4	109.1	80.6	125.9	104.6	131.0	54.8	129.8	96.5	78.0	105.3	
128.5	168.4	90.2	138.0	113.6	136.1	111.2	118.5	92.3	144.2	115.3	120.2	121.3	154.0	0.0	95.5	132.2	166.9	70.8	86.1	146.3	107.0	126.1	115.3	148.6	116.7	116.6	147.0	75.1	129.5	99.2	87.2	136.3	132.8	90.8	88.3	143.2	149.4	145.2	141.2	122.3	120.1	112.8	72.8	117.5	158.0	111.5	123.5	128.3	143.9	118.6	100.9	126.6	141.9	124.6	123.9	126.0	89.5	78.3	47.6	93.5	116.0	73.2	123.6	118.6	114.5	85.5	131.8	132.4	131.9	90.7	132.9	166.8	127.8	72.9	105.0	125.5	124.6	132.9	128.3	103.2	87.2	103.2	88.7	108.3	112.0	75.1	113.4	129.5	84.6	112.8	159.6	80.9	112.2	121.0	139.5	89.4	129.8	88.1	132.1	86.5	95.7	134.7	81.7	102.8	78.6	124.4	174.5	127.8	99.1	87.1	83.5	106.5	122.4	130.2	79.9	123.1	107.4	105.4	135.2	110.3	148.1	106.6	113.9	124.1	143.6	137.7	76.4	175.8	128.8	124.2	109.6	115.4	136.9	121.7	130.0	107.1	98.5	69.8	120.0	125.8	112.0	84.4	150.6	114.1	158.9	103.6	140.7	134.9	133.6	
82.3	129.7	117.7	138.8	125.2	110.8	139.0	96.5	78.0	124.4	90.8	122.9	87.6	108.8	95.5	0.0	132.5	125.2	105.4	87.1	169.4	97.6	115.8	87.8	159.9	130.1	137.7	100.9	108.7	127.7	89.5	76.0	103.1	125.6	101.4	87.4	128.7	141.3	142.8	155.3	99.1	82.0	93.0	77.2	141.7	126.0	85.7	142.6	103.4	140.1	104.7	98.2	113.7	111.6	131.1	109.4	158.8	113.4	54.6	110.7	64.0	115.6	92.6	143.7	123.0	81.2	103.0	109.8	129.1	153.2	121.3	102.8	129.4	147.2	66.5	132.2	94.9	119.4	87.6	112.8	105.7	81.4	113.0	96.9	135.6	102.3	99.4	125.0	92.1	98.2	64.9	149.2	94.6	80.0	128.9	117.5	138.7	126.3	115.3	119.1	77.6	104.6	122.1	84.4	115.0	105.9	111.6	126.2	112.1	68.9	82.0	109.6	111.9	94.0	126.7	43.4	122.2	111.5	121.5	97.0	117.6	145.9	95.3	100.1	110.6	111.2	140.0	132.8	141.3	143.0	108.0	128.9	118.9	87.1	116.7	89.2	53.5	97.7	93.0	123.6	124.7	76.0	131.3	108.5	107.9	125.0	117.9	113.0	118.0	141.8	
142.9	126.6	80.3	167.0	105.2	59.6	133.4	101.7	118.6	171.4	127.7	65.1	135.4	98.9	132.2	132.5	0.0	136.8	103.8	93.1	132.3	107.8	61.0	93.8	114.4	92.1	79.9	112.9	116.5	79.8	124.2	149.4	95.1	55.8	48.5	97.2	48.8	96.2	125.3	115.4	99.1	117.9	97.3	127.0	95.9	142.7	121.8	68.8	63.1	112.1	68.1	102.4	111.3	85.5	59.1	91.0	84.1	87.6	108.6	102.1	132.2	77.7	151.3	105.6	83.6	157.2	106.6	86.0	43.4	97.0	93.3	57.8	108.0	108.8	82.6	104.8	89.7	122.9	113.8	97.8	116.7	126.1	99.7	101.2	85.7	116.7	86.0	123.7	102.5	92.6	121.5	90.5	122.5	139.1	98.8	65.5	114.1	103.1	139.3	92.9	137.6	87.7	138.3	95.1	118.0	102.5	103.0	96.0	48.0	109.9	117.4	140.8	128.6	105.4	121.4	112.5	124.8	132.0	62.7	99.3	118.9	104.3	94.7	107.2	105.4	62.8	35.3	104.4	135.4	94.2	102.1	153.1	130.6	123.3	91.7	110.0	92.5	121.2	76.0	111.0	122.0	118.1	110.6	145.7	118.3	102.3	69.0	146.5	132.0	92.3	
100.3	20.1	167.3	120.3	118.5	130.8	139.2	119.5	115.5	117.4	126.0	116.9	121.5	106.7	166.9	125.2	136.8	0.0	150.8	109.7	109.0	104.4	115.1	103.5	111.9	154.2	140.3	44.7	133.5	126.2	112.3	119.7	93.5	137.0	142.3	112.2	105.4	126.9	96.7	102.5	133.7	60.7	96.5	132.6	131.9	74.5	124.6	139.2	112.9	130.1	105.7	163.0	139.2	68.9	136.4	119.8	165.1	131.3	128.8	150.5	101.5	166.1	128.5	105.1	117.1	113.1	107.3	103.8	134.1	168.0	139.2	101.6	116.1	146.9	122.9	153.3	67.1	100.4	75.4	111.2	147.7	108.9	127.0	134.5	150.3	110.7	137.0	140.4	141.7	125.2	75.0	107.1	120.0	142.1	144.7	125.0	192.0	121.4	153.0	95.4	117.3	156.1	83.5	140.7	139.0	125.1	126.8	87.7	137.6	110.0	90.5	117.0	97.1	82.2	140.0	123.5	124.5	133.5	133.2	102.6	135.4	121.8	136.4	90.1	134.7	92.8	134.7	172.5	29.9	130.2	97.1	128.2	115.4	101.8	101.9	89.4	101.0	142.0	138.3	137.4	90.6	76.8	146.6	79.1	128.7	84.0	133.4	96.4	124.8	97.0	
119.2	146.1	48.5	113.0	67.3	97.5	89.1	74.9	111.8	125.7	108.0	99.4	95.8	115.1	70.8	105.4	103.8	150.8	0.0	98.2	123.0	87.4	97.5	126.5	114.2	102.7	75.1	130.6	52.1	133.3	99.5	95.4	97.3	125.2	70.1	105.3	101.7	91.9	133.7	112.4	96.2	108.3	114.3	102.8	109.7	147.2	123.5	96.7	97.3	103.5	102.0	76.8	71.6	133.2	105.3	103.7	72.0	86.8	83.7	68.9	110.4	92.6	94.9	104.9	106.4	119.2	72.1	116.2	121.9	81.5	78.5	119.4	153.1	91.4	83.4	54.0	99.6	130.5	116.7	114.0	91.8	84.8	49.5	59.1	85.5	108.6	40.1	113.7	106.0	55.0	111.0	108.5	85.3	134.1	94.2	105.3	70.3	102.5	62.2	122.3	95.1	45.2	136.2	93.8	61.4	62.4	100.2	148.7	103.8	85.9	95.6	96.3	116.9	96.2	81.6	86.0	95.6	101.3	71.7	116.3	114.2	142.8	60.6	88.4	124.0	108.6	119.7	63.8	155.6	121.8	128.4	111.6	88.9	129.6	126.4	114.1	88.4	74.7	49.1	67.4	110.3	105.0	60.0	139.4	105.0	118.7	111.8	111.5	96.4	118.0	
115.3	109.0	100.2	128.9	93.1	97.3	97.0	89.4	31.1	119.8	122.8	70.4	105.8	114.1	86.1	87.1	93.1	109.7	98.2	0.0	119.8	63.0	79.2	64.2	121.0	96.4	89.0	91.6	87.0	66.8	63.0	77.6	91.6	74.6	78.1	35.2	93.2	117.6	91.1	116.1	96.6	84.0	55.6	58.3	85.8	99.1	70.8	107.3	86.2	111.1	73.9	124.6	113.7	72.2	78.3	86.8	124.4	72.0	89.4	61.6	79.5	114.3	91.7	90.8	65.6	120.7	62.8	66.9	86.3	116.2	77.0	72.2	109.4	111.2	40.8	122.6	69.5	57.4	87.3	103.2	112.7	78.5	94.6	72.1	94.0	109.6	90.6	89.7	96.5	97.8	65.6	128.5	53.4	70.3	95.1	101.0	113.4	113.9	123.7	65.1	62.7	106.0	83.5	60.7	112.4	91.7	83.9	110.5	95.5	74.8	48.8	85.1	73.1	101.0	135.5	69.0	85.2	93.8	70.4	107.3	97.5	103.0	114.7	76.5	96.1	86.1	98.4	96.0	113.7	73.5	39.9	113.5	102.3	90.4	55.9	70.2	78.5	119.5	77.3	108.3	108.9	70.5	91.8	105.6	102.3	117.8	48.4	109.0	109.1	83.9	
140.5	103.0	144.8	101.9	92.2	145.8	93.0	132.0	138.9	138.0	149.8	114.4	154.8	149.8	146.3	169.4	132.3	109.0	123.0	119.8	0.0	114.5	128.5	143.3	76.1	138.3	111.4	114.2	107.9	130.2	119.2	136.4	120.3	144.7	134.7	130.0	112.2	119.3	109.3	43.9	147.5	107.1	116.2	144.4	105.3	118.4	151.2	119.6	137.4	126.1	126.5	165.4	141.8	118.7	133.7	134.5	113.4	110.0	149.8	118.8	134.7	161.8	127.9	52.0	111.8	148.0	94.8	135.9	136.1	134.5	119.1	137.6	157.6	113.3	136.8	124.5	107.0	120.4	122.3	119.4	137.4	112.7	107.0	129.1	125.0	118.9	113.7	145.6	176.1	109.4	125.0	104.1	110.6	174.0	141.8	135.5	160.2	104.6	132.2	122.2	132.2	142.3	117.2	143.2	112.2	103.8	145.3	150.4	147.2	136.8	108.1	106.1	106.4	108.5	128.5	146.2	120.5	134.7	114.2	147.9	121.2	126.9	141.5	108.8	150.0	124.4	127.7	128.9	99.8	124.0	126.7	114.9	110.2	148.8	122.7	136.8	141.6	145.7	120.6	116.6	92.9	117.2	94.6	126.1	122.8	114.8	127.1	117.3	137.7	82.1	
104.0	102.7	93.7	90.0	49.9	95.8	81.9	58.6	65.0	68.5	123.5	92.1	72.0	82.1	107.0	97.6	107.8	104.4	87.4	63.0	114.5	0.0	83.0	97.8	93.8	90.5	67.0	86.2	63.6	112.8	76.5	69.0	55.6	109.4	93.5	73.5	85.7	87.5	78.1	103.8	73.7	91.9	88.1	73.3	82.0	77.2	80.7	111.8	72.3	58.6	95.4	133.8	86.3	89.8	98.7	62.8	110.0	79.4	105.2	84.5	90.3	120.8	88.4	83.8	58.3	117.4	46.5	64.4	120.6	89.4	94.3	98.6	102.4	74.6	72.9	107.1	54.1	82.5	74.7	107.6	117.6	66.5	55.9	59.1	78.8	123.5	98.5	79.1	80.3	100.9	63.9	104.6	58.7	102.0	65.4	110.6	102.6	121.0	101.2	76.5	65.8	96.7	87.5	88.6	91.2	89.5	70.8	100.1	106.0	85.8	56.9	88.8	77.4	88.6	104.4	81.5	38.6	59.7	67.9	105.4	117.2	104.8	104.4	42.5	99.1	79.6	122.9	94.2	103.9	88.4	72.4	95.7	56.6	80.1	83.8	41.8	73.6	105.7	93.0	72.2	101.3	54.5	76.5	89.4	114.1	91.0	97.3	64.6	49.6	80.2	
140.9	106.6	91.3	153.8	87.6	73.9	127.5	78.0	101.1	138.6	128.2	39.7	91.9	87.0	126.1	115.8	61.0	115.1	97.5	79.2	128.5	83.0	0.0	88.4	109.2	119.5	65.8	104.9	97.8	100.4	113.6	117.5	85.6	84.3	74.8	77.2	50.1	75.6	85.6	121.0	110.7	100.0	103.7	117.8	103.5	131.7	126.5	68.2	56.3	97.5	33.4	110.0	84.5	73.9	35.1	93.1	104.0	105.8	104.6	99.8	121.9	115.9	129.5	111.3	89.5	142.7	78.1	44.4	86.0	98.7	61.5	53.3	121.9	115.8	80.0	92.6	56.5	85.5	112.0	123.4	141.3	121.6	87.9	72.2	91.3	127.4	93.0	90.5	72.0	97.3	105.5	81.9	108.6	129.1	74.4	86.9	116.4	127.0	127.6	49.2	107.3	99.4	95.3	111.1	126.8	96.4	48.5	86.3	89.2	77.0	90.2	111.6	105.1	102.6	128.1	110.6	97.6	121.2	51.3	79.7	143.9	119.2	88.5	67.7	125.5	55.0	86.4	118.1	120.9	60.6	78.3	137.7	106.6	124.4	71.7	78.6	82.1	111.4	89.6	109.4	106.9	103.3	113.4	140.9	138.5	104.7	84.5	127.0	100.3	86.0	
105.3	107.7	124.3	157.8	125.8	110.9	149.7	121.9	76.2	147.4	94.4	96.2	117.4	105.1	115.3	87.8	93.8	103.5	126.5	64.2	143.3	97.8	88.4	0.0	126.2	109.7	122.8	81.5	113.4	85.0	111.7	115.7	106.8	88.4	85.7	45.3	102.1	144.3	103.0	126.5	107.1	89.3	79.3	77.0	94.4	110.9	80.9	99.8	78.0	129.3	73.5	119.3	143.1	50.8	98.6	84.5	147.9	85.5	76.3	99.3	68.4	114.8	106.0	111.6	84.7	104.2	93.4	76.1	84.5	153.4	108.4	60.8	91.4	134.6	55.2	132.8	79.1	92.7	88.0	91.2	121.5	98.9	122.9	116.2	106.7	90.5	109.9	96.4	104.7	101.5	76.5	126.4	109.0	104.9	110.3	114.6	141.8	126.9	133.9	76.7	109.3	126.5	93.4	84.9	136.1	94.9	109.0	88.8	89.9	99.7	71.2	104.1	76.3	88.8	138.7	85.8	131.8	106.9	106.7	71.5	112.9	83.3	113.1	93.0	79.4	92.1	89.5	129.5	115.1	98.7	70.7	116.6	117.7	90.4	50.0	84.1	71.4	110.0	98.4	142.8	95.5	76.0	127.8	114.8	120.9	113.1	73.6	137.0	134.6	87.4	
126.0	108.4	123.5	104.7	71.6	132.7	118.6	120.5	139.2	121.1	124.1	119.4	126.4	105.7	148.6	159.9	114.4	111.9	114.2	121.0	76.1	93.8	109.2	126.2	0.0	109.5	89.1	104.5	86.5	143.3	140.8	140.4	96.5	143.6	117.2	118.2	93.5	106.7	87.7	48.8	117.0	119.8	130.8	130.6	69.3	108.8	137.4	87.0	96.2	75.2	118.7	151.5	131.1	105.5	126.4	87.4	96.3	91.8	136.2	117.9	124.2	140.8	119.7	57.1	84.4	133.7	81.3	110.5	134.8	115.7	122.1	127.7	122.4	73.5	124.7	97.6	90.3	131.0	109.5	105.3	135.7	106.7	83.0	123.7	80.5	116.7	115.6	107.4	143.6	101.9	120.2	66.3	124.8	181.0	95.1	137.9	133.2	123.8	105.2	109.6	141.4	127.2	114.5	139.7	106.2	83.1	126.0	116.0	125.8	142.3	103.4	108.0	91.8	86.2	92.9	141.5	111.1	94.8	103.2	111.6	136.1	87.5	117.0	81.8	117.0	107.7	117.7	116.7	105.4	113.7	126.8	86.6	69.3	129.8	106.9	111.7	119.1	110.3	119.9	106.0	67.5	100.3	87.6	124.2	139.6	84.7	130.3	111.8	104.2	52.8	
118.3	150.8	79.7	131.4	96.3	99.3	112.5	111.5	107.2	144.7	124.8	125.3	141.4	107.4	116.7	130.1	92.1	154.2	102.7	96.4	138.3	90.5	119.5	109.7	109.5	0.0	93.3	117.8	99.4	106.0	116.7	137.4	92.4	96.9	71.8	105.1	102.7	128.5	139.7	110.8	54.9	136.3	100.2	91.1	66.4	116.8	76.8	114.1	85.4	90.9	129.5	129.3	133.8	117.0	123.2	57.9	91.7	43.4	114.5	89.7	114.0	70.8	128.6	89.4	54.0	145.0	103.9	115.6	99.2	95.3	132.9	116.1	86.1	61.0	82.5	123.6	113.1	144.7	97.0	77.3	84.0	88.0	88.2	112.2	61.8	118.5	101.0	121.4	120.0	103.8	110.2	126.3	103.6	130.3	96.4	111.3	89.2	109.1	118.9	130.0	132.1	88.0	155.8	68.0	87.2	100.8	135.0	123.5	71.2	139.8	113.3	139.2	120.3	105.5	98.4	95.6	111.2	80.2	91.6	130.4	87.7	80.2	117.5	114.7	55.2	106.3	94.2	65.9	147.2	128.7	118.6	122.0	107.3	91.0	113.4	109.4	98.8	117.4	86.0	91.9	129.2	98.2	76.6	118.6	99.6	105.3	90.5	124.2	118.7	98.1	
147.6	131.3	65.9	125.6	47.9	87.0	89.1	71.1	108.4	121.7	144.9	72.6	102.7	101.1	116.6	137.7	79.9	140.3	75.1	89.0	111.4	67.0	65.8	122.8	89.1	93.3	0.0	125.0	71.5	116.5	110.2	115.8	82.5	102.9	79.0	97.8	67.4	63.0	94.7	104.4	97.3	124.0	115.2	115.1	82.3	129.3	125.8	81.4	75.7	64.2	89.8	126.4	78.3	110.7	69.7	85.2	62.8	88.1	125.2	81.9	134.8	112.6	124.9	89.0	72.6	156.8	66.4	77.8	108.9	44.3	72.3	102.5	130.6	67.7	93.3	80.6	81.1	105.9	119.3	125.7	131.3	109.9	53.1	59.4	59.7	141.3	88.7	91.5	93.0	99.4	118.0	87.8	92.7	140.6	55.0	103.0	77.3	124.4	109.1	86.2	107.9	83.7	118.3	108.2	99.1	91.8	70.8	119.5	100.4	104.3	98.6	112.3	111.0	113.4	109.2	116.9	66.9	98.7	29.8	119.8	135.8	118.9	99.5	72.5	124.1	82.7	104.3	77.0	136.3	74.3	100.2	124.3	85.2	129.4	98.9	92.1	104.0	114.6	86.2	72.4	116.7	108.9	69.0	141.2	132.9	109.0	95.1	112.1	79.4	83.4	
69.9	47.1	139.6	111.4	104.8	102.7	126.8	101.2	96.6	113.4	101.6	110.3	112.5	79.6	147.0	100.9	112.9	44.7	130.6	91.6	114.2	86.2	104.9	81.5	104.5	117.8	125.0	0.0	118.4	105.4	96.1	111.6	65.9	111.5	112.3	96.6	88.0	117.7	105.1	94.8	94.2	55.8	71.1	107.3	110.6	58.9	88.6	126.5	85.4	111.0	98.4	138.3	126.1	56.6	126.0	86.9	144.0	100.6	103.3	131.2	78.8	128.3	117.8	91.9	90.2	98.5	98.1	93.1	108.9	147.1	134.1	83.2	79.0	121.7	94.8	139.9	57.0	106.1	34.9	73.4	112.3	81.9	106.9	119.8	125.9	88.2	115.3	130.5	119.8	104.1	49.9	99.5	103.9	120.1	127.0	100.0	166.5	96.8	135.5	95.2	108.5	126.8	98.7	106.4	111.8	108.1	120.6	67.8	101.3	101.4	81.5	117.2	93.0	56.3	112.9	91.8	112.8	108.7	116.0	87.2	104.0	96.2	114.6	83.4	95.3	71.8	109.9	145.9	49.0	127.5	88.4	118.2	103.3	61.8	92.8	71.7	69.2	120.8	112.1	114.2	88.0	49.6	126.2	53.4	98.2	56.9	111.7	83.8	111.5	88.2	
111.6	133.4	78.1	92.9	52.4	120.1	89.2	86.2	98.0	94.9	104.6	105.4	81.3	110.3	75.1	108.7	116.5	133.5	52.1	87.0	107.9	63.6	97.8	113.4	86.5	99.4	71.5	118.4	0.0	137.3	102.8	79.7	94.8	135.4	88.9	85.5	107.6	103.4	97.8	96.5	98.5	105.8	116.0	80.7	81.3	122.8	111.9	91.5	92.8	81.3	103.9	110.4	93.8	119.1	110.4	85.1	91.3	75.6	91.1	61.7	92.0	118.4	61.5	84.8	86.8	103.9	36.5	100.3	134.3	94.9	80.6	123.0	140.7	75.7	82.2	63.4	86.6	110.8	108.1	114.0	110.2	70.2	48.3	67.9	67.2	109.1	74.3	76.0	107.1	71.6	97.5	105.2	77.4	135.9	71.4	130.7	76.9	122.6	48.2	104.0	85.0	85.3	104.7	101.5	77.3	47.1	92.6	138.9	119.6	97.0	66.8	62.2	77.2	88.9	86.4	93.7	80.5	64.3	78.2	107.2	121.5	118.3	83.6	60.6	112.2	113.2	129.3	70.4	138.4	103.6	112.5	66.8	46.6	119.9	103.4	95.0	90.7	70.3	78.1	80.9	83.0	83.5	49.5	125.9	121.1	114.2	112.4	98.2	77.3	89.8	
142.2	119.7	122.8	166.0	129.8	94.5	122.7	122.4	86.2	172.6	149.4	79.5	159.5	137.0	129.5	127.7	79.8	126.2	133.3	66.8	130.2	112.8	100.4	85.0	143.3	106.0	116.5	105.4	137.3	0.0	91.7	136.9	114.1	37.0	87.2	86.7	94.0	135.7	131.4	126.3	116.7	107.5	52.5	111.3	108.6	122.7	96.7	123.2	107.9	145.2	91.8	141.3	144.9	79.8	88.0	115.3	132.8	91.4	121.2	101.3	120.7	112.2	148.5	104.6	86.8	160.7	116.4	101.4	47.2	134.8	111.2	68.6	110.5	136.2	79.8	155.1	102.4	97.6	106.5	101.4	118.8	118.3	130.8	116.5	122.7	120.9	109.9	142.9	133.7	120.1	103.7	141.5	99.1	97.0	137.1	83.7	147.6	102.6	168.8	97.2	119.1	125.0	129.4	75.4	135.1	128.0	127.1	117.0	84.3	111.8	106.8	139.0	121.9	123.9	159.7	102.3	128.8	142.3	93.0	134.1	91.0	110.4	141.4	125.8	109.0	90.3	69.1	121.4	122.3	101.9	71.7	161.2	151.8	110.7	84.8	113.6	109.5	158.6	93.8	133.2	140.4	111.6	123.6	125.2	99.0	127.5	36.7	145.3	156.1	103.2	
107.4	109.4	114.7	103.8	95.6	101.4	68.0	79.0	59.2	110.0	138.3	97.4	116.4	128.1	99.2	89.5	124.2	112.3	99.5	63.0	119.2	76.5	113.6	111.7	140.8	116.7	110.2	96.1	102.8	91.7	0.0	66.2	89.1	102.4	105.0	93.2	110.8	114.6	127.3	121.9	101.3	75.0	52.9	87.9	125.1	97.8	84.9	147.0	117.8	127.4	108.7	134.4	103.8	108.4	115.9	116.5	133.1	98.7	106.5	92.0	95.1	126.1	105.5	102.3	99.5	126.1	87.5	108.8	114.6	120.8	105.9	105.6	132.8	123.0	79.7	139.4	87.4	88.7	82.7	110.9	101.3	70.9	95.9	76.1	129.8	118.1	92.3	137.2	120.5	105.8	63.9	142.9	34.2	65.2	131.7	96.3	135.6	94.6	132.0	108.5	50.3	104.5	113.8	73.5	94.7	114.5	110.5	135.5	115.8	72.1	76.6	105.9	109.9	107.4	133.8	64.2	80.8	115.5	93.7	139.0	86.5	142.3	123.9	97.8	123.9	99.8	129.1	110.6	112.9	121.3	81.7	134.2	116.7	91.4	112.4	90.4	91.0	137.6	85.2	90.3	131.9	78.9	98.0	87.0	75.6	119.1	91.8	82.5	111.7	120.7	
107.0	123.6	122.6	98.2	93.7	131.5	94.7	85.0	65.8	76.2	127.6	116.0	76.2	127.9	87.2	76.0	149.4	119.7	95.4	77.6	136.4	69.0	117.5	115.7	140.4	137.4	115.8	111.6	79.7	136.9	66.2	0.0	103.3	142.5	122.7	87.2	132.9	125.8	111.7	137.1	116.6	85.6	100.8	75.3	130.5	110.3	101.5	146.4	121.3	121.7	114.1	136.0	102.3	122.3	129.1	117.9	150.0	114.5	98.8	93.7	82.1	149.9	65.3	121.3	115.2	100.9	68.5	105.9	151.8	135.1	101.6	126.5	152.0	129.7	87.1	125.9	88.7	88.1	100.9	136.5	128.3	71.7	93.6	71.6	128.8	127.6	105.6	107.0	109.1	109.7	68.7	147.6	54.3	89.1	116.2	137.5	129.6	136.6	104.7	106.8	23.2	117.6	91.7	103.3	109.1	102.7	95.3	146.2	144.4	69.5	56.6	72.3	89.5	109.5	133.3	76.0	78.6	96.1	108.3	126.9	128.3	152.8	117.8	76.3	136.0	122.4	160.5	120.5	130.4	121.5	95.9	105.5	89.8	107.9	113.8	82.8	91.3	114.7	104.7	105.9	118.5	74.8	104.1	106.2	120.7	134.4	122.9	82.6	89.9	126.9	
90.4	86.0	97.7	97.8	63.6	65.7	99.1	50.3	97.4	94.2	116.5	98.1	87.5	48.0	136.3	103.1	95.1	93.5	97.3	91.6	120.3	55.6	85.6	106.8	96.5	92.4	82.5	65.9	94.8	114.1	89.1	103.3	0.0	103.9	90.9	104.0	61.7	69.1	108.0	100.0	56.4	84.6	86.0	107.7	103.3	78.0	91.7	116.5	59.8	65.2	97.9	123.8	77.5	87.0	107.8	64.8	104.3	92.3	107.8	117.3	104.1	103.6	122.7	92.5	74.6	122.0	84.7	80.4	109.6	91.7	118.2	88.9	84.2	82.0	89.3	112.6	51.7	114.1	53.2	87.7	104.6	79.5	61.2	81.8	97.3	115.0	97.0	119.1	83.9	96.9	69.0	81.2	90.1	118.6	91.2	79.7	125.7	96.4	116.1	96.5	99.3	86.0	117.4	96.9	81.9	103.2	91.7	74.1	83.6	92.0	91.3	124.5	111.4	70.2	84.6	85.5	70.9	90.9	79.9	97.5	112.2	109.3	91.4	66.9	98.0	49.6	109.5	114.4	89.3	117.6	96.0	124.0	82.6	67.5	106.8	56.2	60.8	109.0	93.8	61.2	107.9	63.0	98.5	76.4	99.4	47.3	110.8	60.5	64.6	94.1	
146.5	128.2	104.0	173.1	124.3	69.1	129.2	109.3	94.3	174.3	148.3	72.2	150.1	120.2	132.8	125.6	55.8	137.0	125.2	74.6	144.7	109.4	84.3	88.4	143.6	96.9	102.9	111.5	135.4	37.0	102.4	142.5	103.9	0.0	70.0	91.0	77.1	120.5	134.8	135.2	103.3	117.0	69.6	116.9	109.6	132.3	100.9	112.9	88.9	133.2	83.7	128.2	129.4	83.8	72.0	104.5	119.4	93.3	118.5	104.3	129.9	93.3	156.8	115.4	84.0	166.8	118.2	90.7	34.1	116.7	107.4	56.4	103.3	128.3	76.0	144.5	98.9	108.7	109.3	104.4	119.4	125.0	121.7	106.8	111.5	129.2	105.3	138.0	111.7	117.9	110.8	131.1	108.2	102.5	122.0	67.2	132.8	107.6	165.3	95.4	125.4	108.6	139.0	75.2	132.3	128.2	113.7	105.0	61.8	108.8	115.7	149.2	132.9	124.2	151.2	101.9	124.3	140.4	78.3	125.2	105.3	112.8	127.8	122.2	106.0	74.3	57.6	115.5	133.6	98.9	79.7	168.4	149.8	110.7	89.6	107.6	100.2	151.0	87.9	123.9	146.2	116.4	124.0	134.8	107.8	121.2	42.8	147.0	146.0	107.9	
118.7	136.5	48.2	147.8	94.0	64.5	117.4	89.6	99.0	154.6	101.1	79.1	117.6	98.5	90.8	101.4	48.5	142.3	70.1	78.1	134.7	93.5	74.8	85.7	117.2	71.8	79.0	112.3	88.9	87.2	105.0	122.7	90.9	70.0	0.0	82.1	74.0	104.0	130.9	115.3	77.1	107.9	87.8	94.9	89.0	138.8	98.2	74.9	63.9	108.0	76.4	71.2	100.3	97.6	76.4	78.8	78.3	62.7	73.4	71.1	104.6	48.4	119.7	102.0	79.0	129.2	89.4	93.2	62.1	91.7	85.3	73.4	111.1	96.2	52.0	86.4	90.8	123.2	102.2	83.9	83.3	95.9	80.4	81.9	71.4	95.8	54.5	111.4	91.9	64.2	104.3	104.6	99.1	118.0	90.7	73.6	83.0	92.8	105.9	103.1	114.3	54.6	136.7	62.4	89.2	75.7	101.5	113.3	43.9	93.9	98.8	119.4	115.2	91.3	99.4	77.6	114.5	107.0	61.3	94.7	95.8	105.7	70.7	98.5	85.6	79.4	61.2	71.7	145.1	104.7	104.1	129.8	112.9	108.0	95.5	103.9	71.0	90.5	38.3	93.7	113.5	100.4	85.4	134.3	95.7	105.8	66.4	132.7	119.5	99.8	
116.9	115.0	107.6	141.7	103.3	112.3	123.1	105.4	50.8	126.0	109.9	80.1	100.1	112.8	88.3	87.4	97.2	112.2	105.3	35.2	130.0	73.5	77.2	45.3	118.2	105.1	97.8	96.6	85.5	86.7	93.2	87.2	104.0	91.0	82.1	0.0	101.6	130.3	81.5	121.8	107.0	91.8	80.4	55.8	81.4	110.0	81.3	94.2	81.5	114.0	68.8	121.9	125.7	67.7	81.8	83.7	133.9	76.9	81.1	67.0	71.6	121.2	82.9	100.3	73.0	109.9	62.0	62.0	95.6	131.5	77.9	73.7	111.2	118.9	42.9	117.1	72.6	64.2	97.5	108.5	125.1	88.3	103.6	86.6	89.6	106.0	99.1	67.6	94.5	97.9	75.1	127.2	80.2	92.4	87.5	119.4	115.6	131.7	117.5	59.1	79.3	116.8	73.1	78.4	126.2	82.6	83.6	107.7	102.5	84.6	44.6	75.4	56.5	99.1	137.7	81.3	103.1	89.6	83.3	88.5	115.7	94.5	111.5	72.7	93.2	96.0	102.0	106.0	121.7	69.9	52.3	101.1	97.9	100.2	38.3	73.5	78.3	106.6	88.1	126.6	95.3	73.6	102.9	119.4	123.3	123.5	62.8	124.5	114.1	79.1	
128.9	91.9	92.1	139.1	79.1	51.9	116.0	74.4	114.5	140.0	128.6	59.9	112.4	72.6	143.2	128.7	48.8	105.4	101.7	93.2	112.2	85.7	50.1	102.1	93.5	102.7	67.4	88.0	107.6	94.0	110.8	132.9	61.7	77.1	74.0	101.6	0.0	58.8	103.2	97.4	92.3	97.1	93.2	129.9	99.4	115.7	121.8	80.3	53.8	86.8	65.5	116.0	86.0	74.1	66.2	84.5	85.3	97.2	115.7	113.9	128.0	100.6	144.5	92.8	79.7	147.9	92.4	70.5	74.6	87.0	94.2	60.2	101.5	97.7	93.0	101.3	58.4	108.9	93.1	98.7	122.5	115.1	79.8	88.2	92.1	118.9	90.8	120.0	93.2	94.1	103.6	59.1	111.5	138.4	91.1	60.0	126.2	97.4	133.2	78.1	122.8	90.7	118.6	108.2	107.3	102.8	84.8	72.6	69.4	96.1	105.7	131.7	119.6	88.5	107.9	111.8	97.9	122.8	57.7	92.3	124.7	107.9	90.7	81.0	114.5	28.9	69.3	116.3	101.5	90.9	92.9	143.5	109.0	110.0	92.1	85.3	82.8	119.5	87.9	88.9	108.5	99.7	107.0	121.3	116.5	70.5	90.1	112.4	101.5	80.9	
145.1	113.1	94.7	124.6	62.6	74.4	101.5	53.5	132.5	123.0	151.6	82.9	100.6	89.4	149.4	141.3	96.2	126.9	91.9	117.6	119.3	87.5	75.6	144.3	106.7	128.5	63.0	117.7	103.4	135.7	114.6	125.8	69.1	120.5	104.0	130.3	58.8	0.0	117.1	113.9	108.4	112.8	123.2	148.6	128.3	133.0	148.3	109.5	87.6	83.3	96.3	128.6	48.2	119.4	91.7	111.3	84.1	125.4	136.6	127.1	150.4	127.0	149.7	112.5	109.9	161.4	96.2	95.5	124.1	67.9	98.7	106.8	142.2	100.6	120.4	95.3	77.5	124.2	116.0	134.4	140.0	124.5	65.1	73.8	110.4	147.8	98.6	132.9	99.2	108.0	121.2	71.6	112.6	153.7	97.0	86.2	124.5	116.0	127.6	104.0	118.9	89.7	132.3	133.6	102.7	116.7	81.0	112.7	111.1	96.8	120.4	136.9	140.2	110.1	107.6	126.9	79.3	131.8	66.2	122.3	150.2	150.5	95.1	83.3	151.0	68.3	121.4	122.3	123.2	111.5	120.7	152.7	105.1	134.2	129.6	98.6	104.1	127.4	103.7	67.4	128.5	117.5	106.6	136.2	134.1	91.8	128.2	99.1	79.7	113.2	
145.7	97.5	142.8	132.5	92.6	140.1	130.3	116.2	103.6	106.4	147.0	95.7	102.2	115.8	145.2	142.8	125.3	96.7	133.7	91.1	109.3	78.1	85.6	103.0	87.7	139.7	94.7	105.1	97.8	131.4	127.3	111.7	108.0	134.8	130.9	81.5	103.2	117.1	0.0	109.4	138.2	112.0	124.1	114.5	91.2	103.3	132.0	103.1	99.2	94.7	92.8	169.0	131.7	81.4	100.4	102.2	142.8	116.8	138.6	115.0	118.3	170.3	110.9	96.9	90.0	139.8	66.7	64.1	138.9	135.6	97.6	108.1	130.7	118.7	112.1	125.5	69.8	67.2	118.6	142.6	171.7	120.5	108.4	107.5	104.3	144.3	137.5	68.4	118.9	131.4	105.3	106.3	111.2	149.3	85.2	148.9	146.7	160.2	134.7	51.1	108.7	152.6	45.6	141.7	148.9	107.8	82.5	106.0	144.9	116.9	73.0	86.7	63.1	115.2	148.9	138.9	94.7	103.4	98.8	106.8	162.0	107.4	138.6	58.1	136.6	104.9	135.5	141.2	100.1	62.6	76.9	102.8	83.4	131.5	63.2	78.7	117.7	133.4	136.3	135.0	89.2	95.0	119.3	131.0	165.1	120.2	116.1	117.9	99.0	61.3	
114.1	97.9	128.2	94.3	82.0	129.9	101.6	123.5	134.9	131.9	121.0	117.4	143.5	122.4	141.2	155.3	115.4	102.5	112.4	116.1	43.9	103.8	121.0	126.5	48.8	110.8	104.4	94.8	96.5	126.3	121.9	137.1	100.0	135.2	115.3	121.8	97.4	113.9	109.4	0.0	119.7	101.6	109.2	130.6	83.2	104.4	131.6	102.8	112.8	104.9	121.1	146.5	135.9	105.4	132.5	104.9	97.9	86.2	130.6	114.3	116.8	135.0	119.6	35.0	92.1	128.0	89.8	127.0	122.9	125.3	124.8	125.9	128.0	88.7	122.3	109.9	96.0	130.7	99.4	86.4	113.1	94.8	91.1	127.4	102.2	94.9	101.9	134.7	160.6	90.1	112.0	82.1	112.7	170.7	125.5	123.6	146.0	89.5	112.9	120.9	135.6	123.8	122.2	127.9	91.4	84.4	142.6	127.9	121.9	136.2	102.9	108.2	98.4	79.0	95.4	130.8	119.3	111.7	108.9	124.4	105.1	97.1	120.3	98.7	118.1	109.4	109.0	115.5	93.5	127.4	126.5	97.2	92.2	125.2	114.9	123.7	119.8	120.4	107.2	102.9	72.3	98.2	83.7	109.2	108.3	84.3	121.5	107.8	124.9	66.2	
88.9	130.5	81.8	115.3	87.2	76.3	112.1	79.2	98.8	118.3	110.0	123.2	109.6	70.2	122.3	99.1	99.1	133.7	96.2	96.6	147.5	73.7	110.7	107.1	117.0	54.9	97.3	94.2	98.5	116.7	101.3	116.6	56.4	103.3	77.1	107.0	92.3	108.4	138.2	119.7	0.0	113.7	92.8	90.7	97.0	99.6	67.4	125.5	68.3	79.9	121.1	115.9	104.8	109.8	125.4	50.5	105.1	72.0	99.2	108.0	100.6	70.8	123.3	105.4	70.5	124.5	101.2	104.1	109.1	96.1	135.0	105.8	75.0	74.2	78.4	121.0	91.5	140.5	66.7	75.5	79.1	73.7	74.1	96.9	85.3	113.9	97.3	124.3	90.4	98.6	83.6	115.1	97.0	113.7	95.4	94.3	104.1	102.5	112.1	124.6	114.0	73.6	147.7	70.8	75.1	104.2	118.2	100.7	67.4	115.3	105.5	138.3	123.1	84.8	80.4	71.5	95.0	77.4	93.3	111.7	95.8	101.6	96.5	97.4	64.3	84.3	109.2	92.3	130.4	137.2	114.5	125.5	96.6	58.7	119.4	81.9	64.9	104.0	86.0	71.7	126.5	74.9	93.1	91.7	91.2	78.6	107.6	91.9	90.0	111.5	
77.2	61.7	131.5	109.3	102.8	105.1	113.3	92.2	90.9	115.7	96.0	95.1	101.8	104.8	120.1	82.0	117.9	60.7	108.3	84.0	107.1	91.9	100.0	89.3	119.8	136.3	124.0	55.8	105.8	107.5	75.0	85.6	84.6	117.0	107.9	91.8	97.1	112.8	112.0	101.6	113.7	0.0	68.3	105.7	127.6	95.2	106.2	123.9	102.4	130.6	83.3	115.5	108.1	77.5	117.3	113.8	140.8	108.9	83.1	115.5	72.7	131.5	99.0	100.4	112.3	84.3	86.8	101.8	112.2	147.1	107.9	85.8	125.4	136.9	88.0	123.1	61.3	93.9	66.0	93.0	107.5	78.2	102.4	100.5	135.9	77.1	89.7	132.9	122.0	82.7	53.4	107.9	87.1	109.9	135.1	95.6	160.6	87.0	120.6	95.8	82.2	115.1	90.2	104.3	104.0	94.2	111.2	105.9	113.4	64.2	68.8	92.3	92.8	62.7	117.3	78.9	112.2	122.8	109.8	91.4	102.7	130.0	98.3	81.5	122.3	84.6	117.8	139.9	77.0	125.1	91.8	118.1	107.6	93.2	100.6	87.6	69.5	110.4	92.7	111.5	85.9	64.2	119.7	80.5	89.5	88.8	109.9	88.5	116.5	105.4	
97.9	93.3	117.6	125.7	109.0	88.6	98.8	97.6	63.8	135.8	122.1	89.0	132.1	116.3	112.8	93.0	97.3	96.5	114.3	55.6	116.2	88.1	103.7	79.3	130.8	100.2	115.2	71.1	116.0	52.5	52.9	100.8	86.0	69.6	87.8	80.4	93.2	123.2	124.1	109.2	92.8	68.3	0.0	87.8	108.1	89.0	68.8	129.8	100.1	129.8	93.4	127.6	124.2	74.7	105.6	100.8	131.4	81.0	96.6	96.3	84.9	106.8	117.8	90.4	82.2	122.5	96.9	99.2	75.6	131.4	112.5	74.7	99.8	123.0	66.3	143.2	80.3	91.4	65.0	77.7	89.9	77.2	108.3	100.0	121.6	94.1	92.7	136.9	122.4	99.0	59.6	130.7	68.4	74.2	132.4	77.6	144.5	77.5	142.4	98.1	86.7	108.6	113.8	59.0	103.7	109.9	120.0	108.0	85.6	86.8	79.8	116.4	103.4	91.4	131.9	65.4	106.9	118.1	95.0	119.3	64.3	109.7	121.5	103.4	95.1	81.2	91.2	115.6	95.6	115.3	69.0	135.5	125.5	74.2	89.9	89.8	80.0	135.3	80.3	107.5	119.3	72.7	107.8	79.7	63.3	101.3	64.5	103.6	129.9	100.9	
98.1	138.3	108.3	122.2	106.6	127.8	115.2	110.9	50.2	112.0	106.4	121.3	106.0	122.1	72.8	77.2	127.0	132.6	102.8	58.3	144.4	73.3	117.8	77.0	130.6	91.1	115.1	107.3	80.7	111.3	87.9	75.3	107.7	116.9	94.9	55.8	129.9	148.6	114.5	130.6	90.7	105.7	87.8	0.0	88.6	105.2	53.3	127.3	101.6	115.8	114.3	128.6	135.2	104.9	124.7	81.4	141.7	68.5	80.8	68.0	56.2	117.3	64.2	106.6	79.2	97.7	74.3	99.9	123.7	136.3	112.1	112.9	113.2	110.2	51.5	129.3	98.5	101.3	91.5	103.7	104.8	60.3	101.9	95.9	94.6	107.5	104.4	87.3	108.3	103.2	69.9	150.7	69.4	84.1	101.2	136.8	107.7	133.0	104.3	106.4	75.3	113.1	106.6	63.5	109.2	88.0	113.9	132.9	113.4	103.6	56.4	84.3	71.4	102.3	126.8	62.1	103.0	63.9	106.1	114.3	100.2	103.4	119.8	90.6	78.2	121.8	129.9	93.5	139.4	114.6	87.1	88.5	92.7	84.0	86.8	85.1	82.3	103.7	92.0	118.6	111.3	65.3	92.8	106.0	110.3	130.5	90.3	112.9	111.9	105.0	
127.8	131.1	102.8	126.4	85.9	124.1	115.3	122.8	104.1	132.9	123.1	110.0	132.4	114.3	117.5	141.7	95.9	131.9	109.7	85.8	105.3	82.0	103.5	94.4	69.3	66.4	82.3	110.6	81.3	108.6	125.1	130.5	103.3	109.6	89.0	81.4	99.4	128.3	91.2	83.2	97.0	127.6	108.1	88.6	0.0	107.6	97.6	83.9	85.4	82.6	111.5	144.2	142.2	94.3	108.6	61.7	99.2	47.2	119.5	78.9	106.1	115.4	107.3	59.9	41.6	136.0	74.4	95.0	107.0	109.8	110.7	111.2	99.3	65.7	87.8	110.8	96.7	114.8	106.3	93.6	119.7	93.9	90.6	113.3	44.9	114.7	109.3	82.8	128.1	103.3	109.5	108.5	103.9	146.3	77.8	132.9	101.8	127.2	111.1	98.1	126.9	117.9	114.4	98.2	109.9	79.9	120.0	117.2	101.9	138.0	87.7	103.6	75.9	100.6	112.4	117.4	107.4	70.5	87.4	114.6	111.7	51.0	124.0	89.8	76.5	108.9	95.7	82.0	126.8	91.6	99.4	86.2	82.8	111.2	76.1	101.8	109.4	112.5	100.9	112.5	91.1	92.0	72.6	125.0	127.3	108.7	86.6	127.0	114.7	46.1	
93.6	78.7	155.0	93.4	104.1	130.5	115.0	112.8	94.5	89.3	139.4	135.0	125.6	103.8	158.0	126.0	142.7	74.5	147.2	99.1	118.4	77.2	131.7	110.9	108.8	116.8	129.3	58.9	122.8	122.7	97.8	110.3	78.0	132.3	138.8	110.0	115.7	133.0	103.3	104.4	99.6	95.2	89.0	105.2	107.6	0.0	83.2	154.8	110.6	102.1	134.3	177.8	143.8	89.2	148.3	90.8	157.3	106.3	138.4	137.4	97.9	154.1	121.6	90.4	83.8	125.1	102.4	106.1	140.1	147.9	153.3	121.0	84.6	112.0	114.3	163.6	82.2	109.0	56.0	101.0	132.1	83.2	113.4	128.5	129.2	127.5	143.2	131.8	136.2	136.9	63.1	128.7	97.1	122.2	129.0	133.5	169.5	125.8	148.5	110.3	108.4	148.3	105.4	117.0	121.6	130.3	133.2	97.2	131.2	129.4	88.8	125.3	95.5	94.9	130.9	110.0	96.6	94.8	127.7	129.6	115.7	99.8	150.5	93.0	103.8	102.7	142.2	147.2	62.8	134.0	92.2	116.0	98.9	63.4	106.5	73.6	103.1	148.0	137.5	115.8	113.7	57.3	123.5	42.1	116.4	84.9	126.3	69.4	104.6	93.8	
