150

15049

573.0	872.0	466.0	795.0	801.0	414.0	150.0	418.0	237.0	750.0	68.0	352.0	588.0	569.0	546.0	616.0	292.0	473.0	817.0	981.0	278.0	836.0	510.0	382.0	412.0	489.0	274.0	60.0	325.0	223.0	338.0	249.0	446.0	155.0	395.0	246.0	920.0	545.0	663.0	157.0	646.0	82.0	860.0	233.0	650.0	405.0	200.0	293.0	229.0	17.0	625.0	506.0	204.0	135.0	239.0	615.0	623.0	513.0	27.0	299.0	87.0	716.0	547.0	532.0	870.0	941.0	777.0	141.0	837.0	791.0	649.0	482.0	872.0	509.0	67.0	873.0	265.0	266.0	165.0	846.0	634.0	790.0	351.0	837.0	924.0	590.0	804.0	898.0	454.0	830.0	196.0	540.0	897.0	742.0	423.0	118.0	34.0	551.0	258.0	871.0	341.0	907.0	352.0	564.0	767.0	418.0	436.0	31.0	36.0	952.0	228.0	669.0	741.0	579.0	858.0	16.0	520.0	661.0	913.0	973.0	842.0	108.0	864.0	90.0	201.0	638.0	207.0	587.0	188.0	464.0	457.0	880.0	370.0	160.0	795.0	136.0	930.0	230.0	519.0	965.0	181.0	746.0	985.0	274.0	676.0	842.0	289.0	195.0	854.0	554.0	

0.0	179.6	198.2	180.8	190.9	191.8	246.7	198.2	184.8	207.7	160.0	209.0	186.6	148.3	163.1	212.8	175.4	203.9	178.7	220.8	171.1	163.3	172.3	227.8	189.0	209.4	185.7	178.8	239.3	219.7	203.6	191.8	183.4	225.6	159.8	153.5	219.3	142.8	177.3	159.5	203.6	183.7	169.3	150.6	208.9	146.0	172.5	193.1	197.4	205.3	145.5	160.5	188.1	147.1	212.7	163.1	211.0	156.7	186.9	181.7	236.8	201.2	177.0	226.7	200.2	155.6	228.5	182.4	189.0	214.9	185.8	172.6	199.6	171.3	217.9	176.3	226.2	216.9	176.8	216.8	150.1	233.9	207.3	147.5	186.4	220.9	166.9	176.0	206.5	162.9	187.8	202.6	191.1	190.1	146.6	192.1	195.4	191.5	177.3	178.7	187.7	186.9	183.3	173.8	201.6	202.9	208.2	189.9	178.0	222.0	215.9	235.8	178.4	204.7	212.6	179.4	201.5	190.1	209.6	153.6	124.3	194.7	183.0	160.9	221.0	172.5	181.6	194.7	195.0	151.0	193.2	179.3	182.0	201.1	223.3	183.5	166.7	214.2	222.3	162.8	216.7	227.7	158.2	219.0	214.0	226.8	223.6	227.6	165.2	233.1	
179.6	0.0	209.3	183.1	149.2	178.9	187.2	168.1	119.9	183.7	202.8	177.1	177.5	183.1	187.9	175.9	164.0	135.2	212.3	213.4	112.0	196.8	174.9	186.7	158.7	224.6	173.1	163.8	179.8	181.5	167.7	173.4	139.3	211.4	164.5	192.9	206.9	191.8	170.5	171.9	209.0	167.4	164.5	124.9	181.5	172.6	212.7	173.6	186.8	192.2	161.9	155.5	170.8	202.5	198.1	178.9	179.9	150.8	180.6	194.8	185.7	196.4	150.8	180.3	167.9	141.4	225.9	198.9	185.3	187.9	147.3	168.8	164.3	144.2	188.7	192.8	187.6	186.4	178.3	176.8	131.7	189.8	207.0	195.2	233.4	181.8	179.8	190.0	173.4	212.0	180.1	186.1	161.0	121.0	166.9	156.0	167.8	147.6	131.4	168.5	187.0	164.4	162.8	180.2	205.5	165.0	146.2	196.2	151.1	207.9	213.0	174.2	225.8	217.4	200.9	186.1	168.8	152.7	174.1	174.5	157.5	181.9	173.5	171.9	174.5	150.8	136.0	122.5	183.7	161.0	206.1	180.9	168.0	185.8	146.9	204.6	147.2	171.7	201.1	234.2	187.3	168.0	201.3	211.8	168.3	175.5	145.3	221.1	170.2	223.5	
198.2	209.3	0.0	174.6	148.1	191.6	167.3	174.6	228.8	191.8	203.1	206.7	155.7	169.6	167.7	174.1	161.2	183.8	175.0	166.0	190.6	174.7	180.6	193.4	233.0	149.8	174.0	183.2	199.8	184.6	179.9	177.6	209.2	177.9	199.2	188.0	162.2	195.3	143.1	210.7	165.4	168.5	186.4	153.6	218.8	180.1	173.7	155.4	234.5	192.4	180.2	139.8	203.8	176.3	194.6	171.2	243.3	215.3	173.4	178.1	196.6	203.4	154.2	205.6	188.8	197.8	188.4	210.1	173.5	160.0	179.0	195.1	195.0	161.7	163.2	168.1	205.5	166.0	201.2	179.0	176.0	209.8	164.7	163.3	185.8	223.2	160.4	207.3	238.0	166.4	183.5	215.5	177.8	211.6	157.6	146.5	163.6	192.8	181.9	187.3	202.9	190.6	210.3	186.6	211.6	166.0	155.6	177.6	201.5	186.5	142.6	229.0	170.0	130.0	214.3	179.7	186.9	132.3	192.7	170.7	134.2	179.5	206.0	163.8	156.7	166.9	159.1	221.4	180.1	181.5	177.3	201.4	222.6	189.6	166.8	199.4	195.1	178.7	172.3	199.5	205.8	229.8	192.8	206.7	209.7	174.1	177.4	205.2	167.3	214.4	
180.8	183.1	174.6	0.0	159.3	203.9	194.6	186.8	182.0	216.8	156.8	191.6	165.4	158.1	212.8	194.1	176.7	169.1	180.5	175.2	177.5	171.7	177.2	146.2	185.1	188.4	138.5	195.7	206.8	181.0	177.2	167.6	162.8	154.0	113.1	162.3	210.2	180.6	157.2	186.9	178.2	174.8	186.4	163.7	194.8	166.3	161.5	132.7	188.6	133.3	180.7	172.6	168.0	186.9	183.1	175.7	169.5	165.4	174.3	142.0	188.0	223.4	201.8	211.4	181.8	185.7	175.1	192.7	169.6	186.3	198.4	195.6	156.3	152.6	221.7	180.0	190.8	220.8	218.3	170.3	157.4	191.3	149.4	164.7	196.7	192.9	186.9	189.0	216.0	203.1	147.6	188.6	142.1	188.5	191.2	165.9	178.7	173.0	123.1	157.7	179.3	187.5	130.3	147.0	130.9	224.9	186.5	151.3	143.6	169.9	159.3	171.0	180.8	162.9	173.7	204.6	159.0	199.6	170.5	183.5	165.2	177.8	193.0	124.9	172.9	148.1	158.8	167.9	138.8	191.4	196.2	195.8	159.6	158.3	183.4	164.7	166.8	161.3	191.0	171.5	180.9	174.0	160.0	182.4	184.0	170.2	186.6	182.2	181.7	210.4	
190.9	149.2	148.1	159.3	0.0	153.9	134.1	151.2	156.3	172.0	158.1	152.1	166.7	162.7	188.5	156.0	163.5	135.5	157.3	149.8	151.1	163.1	158.0	151.5	179.4	168.4	138.6	131.9	177.6	182.5	135.6	138.8	160.7	159.9	157.4	155.8	144.1	195.9	146.9	170.6	167.2	155.8	161.9	143.7	169.2	156.9	185.6	135.9	139.4	162.0	144.8	151.7	160.5	140.0	142.4	163.8	168.5	142.9	134.9	170.8	152.2	191.2	113.1	173.5	168.8	136.8	169.6	185.8	178.9	144.3	172.8	146.5	167.4	124.3	142.3	166.7	166.1	146.3	157.0	137.2	167.3	193.4	118.8	206.4	190.4	146.1	136.8	161.8	166.0	148.0	150.6	168.0	166.2	163.2	156.4	134.8	130.4	148.6	138.3	188.3	177.3	140.5	163.2	154.2	163.8	155.0	102.3	148.2	158.0	165.0	156.8	172.7	189.9	132.3	194.8	170.0	154.0	123.6	136.8	183.7	132.3	160.8	145.9	123.4	165.2	154.0	120.7	143.9	167.1	170.9	178.7	151.8	143.3	117.9	147.7	145.1	180.7	122.6	141.7	218.4	168.4	163.5	188.2	188.1	154.2	155.9	180.3	139.8	152.1	165.3	
191.8	178.9	191.6	203.9	153.9	0.0	168.0	224.9	168.7	171.7	177.4	169.8	186.9	203.9	182.5	179.5	152.0	155.0	171.8	182.4	155.4	181.1	193.1	187.9	193.7	201.9	187.6	174.8	191.9	201.7	158.7	169.0	173.8	215.9	161.0	195.0	190.9	196.5	173.6	197.8	182.2	195.6	166.2	176.2	168.8	222.2	193.2	210.2	208.2	176.0	171.7	175.9	179.1	197.7	135.1	162.9	149.6	187.2	156.2	193.5	161.7	176.4	147.9	181.1	179.1	177.8	207.0	176.1	204.7	127.1	195.0	161.8	199.2	171.8	153.2	187.9	140.1	161.4	152.2	147.7	182.1	192.4	186.1	200.8	163.5	180.5	160.4	191.3	164.6	165.3	159.3	188.7	197.8	165.9	166.0	186.2	200.0	166.7	184.0	191.7	193.3	167.3	182.2	178.0	207.7	205.9	152.8	153.8	137.9	213.2	213.3	227.8	163.4	179.4	207.2	168.5	172.6	146.4	156.1	152.0	142.7	146.9	164.4	197.3	189.2	148.7	173.5	179.1	190.2	189.5	185.2	159.0	157.9	193.5	184.9	162.7	193.4	191.0	213.8	205.9	148.5	174.8	186.2	228.6	206.2	157.5	188.1	176.7	145.9	190.2	
246.7	187.2	167.3	194.6	134.1	168.0	0.0	209.7	190.4	186.3	214.5	130.7	170.7	196.7	196.9	141.5	185.6	160.0	174.8	159.4	168.5	173.5	199.5	155.1	214.2	186.2	176.9	186.2	174.7	204.2	163.5	146.1	138.0	175.7	178.4	175.5	134.1	222.8	146.3	209.7	144.2	187.6	186.8	183.5	182.3	217.3	190.4	168.9	232.3	168.1	207.5	183.0	168.2	204.5	151.5	186.1	189.1	206.2	142.6	210.2	113.0	195.4	138.1	151.9	172.2	201.4	168.0	198.6	202.8	179.4	187.5	203.4	195.9	169.8	162.5	190.8	163.2	155.0	197.3	165.1	181.9	190.6	173.8	198.0	208.8	140.9	192.6	188.8	180.7	174.1	192.8	194.0	171.0	180.3	171.4	145.2	148.2	196.6	195.7	179.2	208.0	171.8	191.7	199.2	188.8	182.0	107.4	179.6	179.3	179.7	194.6	163.9	187.9	170.3	214.5	201.7	193.7	150.5	183.0	223.6	182.2	180.6	178.8	175.5	133.2	174.9	151.2	178.1	202.9	199.4	202.1	177.1	207.3	161.0	177.8	208.9	198.7	168.5	172.0	217.7	164.9	182.2	228.9	192.2	207.4	130.7	172.4	153.6	195.3	192.7	
198.2	168.1	174.6	186.8	151.2	224.9	209.7	0.0	167.2	213.5	196.4	216.3	158.6	199.6	173.8	164.8	196.8	163.9	164.5	225.2	179.5	190.0	164.3	192.5	168.9	200.7	153.8	159.6	183.8	162.5	170.2	165.7	196.9	169.0	212.6	194.4	174.3	162.5	163.0	187.4	198.4	168.2	186.2	156.7	183.1	171.9	234.7	147.4	173.4	210.4	174.0	172.2	206.2	150.1	182.7	195.9	210.2	161.7	197.7	179.4	194.1	186.5	175.1	204.2	176.4	156.4	172.8	179.5	163.9	201.2	183.0	197.1	184.9	160.0	191.4	175.3	196.4	178.4	159.4	183.4	156.3	191.2	173.1	207.5	235.6	188.6	152.3	191.2	214.5	195.6	169.1	175.4	169.6	147.8	156.3	171.9	168.9	159.3	159.3	192.3	201.4	178.4	197.3	196.0	214.4	164.8	144.7	201.6	186.5	160.8	205.5	176.4	215.2	169.1	210.6	170.7	192.7	149.8	187.9	185.7	156.7	191.4	173.0	135.7	201.0	195.8	172.8	172.2	189.2	140.9	203.6	235.2	175.9	166.0	161.0	204.5	157.6	179.8	140.8	195.9	184.0	184.6	202.8	165.3	155.1	204.9	200.7	198.1	171.3	210.8	
184.8	119.9	228.8	182.0	156.3	168.7	190.4	167.2	0.0	188.5	203.4	174.3	178.6	208.7	219.7	177.1	199.5	134.5	172.5	233.0	113.2	173.2	189.0	172.9	127.4	233.7	161.1	171.2	169.0	195.4	173.7	166.3	144.3	221.5	163.7	190.4	177.4	147.1	189.2	202.6	210.5	168.3	172.9	145.7	166.8	188.4	197.9	182.5	183.8	173.6	193.0	183.8	148.0	190.3	175.6	184.2	148.3	143.2	204.6	184.9	178.5	187.0	170.8	168.5	164.9	164.4	208.5	194.5	181.2	199.8	183.4	167.3	148.0	167.5	177.9	202.6	165.7	173.9	152.2	171.3	144.8	213.9	182.2	204.7	221.1	142.4	176.9	179.4	131.9	211.8	154.9	167.2	147.2	124.1	147.6	175.1	182.6	146.5	119.8	190.4	207.8	184.5	140.9	154.5	169.1	174.6	131.2	206.4	147.4	179.9	219.1	170.7	196.5	190.6	197.4	178.6	192.0	164.4	172.3	187.1	160.3	142.6	182.4	158.2	192.0	178.9	167.3	137.4	182.3	152.9	196.7	192.4	132.6	159.9	147.6	178.3	135.6	173.3	170.3	198.4	171.6	136.8	168.7	188.8	180.7	184.3	175.1	179.9	186.2	231.0	
207.7	183.7	191.8	216.8	172.0	171.7	186.3	213.5	188.5	0.0	214.4	181.2	192.6	237.7	201.8	199.7	164.5	230.9	187.9	239.0	162.8	205.0	231.9	198.2	178.1	184.8	182.1	197.7	206.0	183.7	220.3	176.4	183.3	196.6	205.9	201.8	199.9	226.0	172.9	249.1	216.2	217.7	107.0	172.4	231.7	224.7	205.8	206.1	253.3	198.6	185.4	171.2	167.0	225.0	209.8	187.5	189.2	179.7	172.6	201.9	180.9	221.2	163.2	189.4	139.4	180.6	201.5	240.0	231.8	174.4	145.2	219.4	190.9	181.1	183.0	184.8	183.8	151.0	210.5	190.7	195.3	213.2	201.7	197.1	192.8	190.6	211.1	176.8	192.6	200.9	223.4	212.5	198.4	191.8	166.1	152.6	181.9	187.7	199.1	184.5	201.9	139.7	183.4	226.0	235.7	198.3	179.1	214.3	172.6	190.0	193.6	233.1	203.6	176.3	260.3	167.4	221.7	107.5	118.3	202.0	181.3	193.4	207.8	210.8	190.2	169.9	193.8	215.2	210.4	183.0	166.1	165.4	171.8	219.5	180.0	238.6	220.4	169.4	191.6	219.7	202.8	154.4	191.8	194.5	189.7	190.1	156.4	184.0	189.5	211.5	
160.0	202.8	203.1	156.8	158.1	177.4	214.5	196.4	203.4	214.4	0.0	212.8	197.6	193.1	169.1	177.3	171.9	204.3	177.4	197.7	212.1	189.6	160.2	177.1	219.0	205.4	146.7	158.3	254.4	188.2	192.1	198.2	170.3	179.6	137.0	146.1	200.5	201.6	173.7	179.4	181.5	212.0	177.6	190.0	178.6	171.4	217.1	201.0	160.1	180.5	157.9	158.8	209.5	171.4	160.7	189.9	169.3	186.9	156.8	139.1	202.6	210.8	178.9	232.8	189.5	157.4	206.6	166.9	189.6	177.4	222.6	174.0	192.1	178.8	202.7	179.6	203.4	229.6	197.6	149.9	189.8	198.4	155.9	183.7	189.6	199.3	153.6	197.8	208.7	168.1	170.9	164.9	194.2	180.5	189.6	183.0	161.2	176.0	184.4	180.9	164.4	171.8	177.6	175.9	186.6	244.7	194.4	169.7	150.2	167.9	195.8	199.6	213.8	176.4	191.8	196.3	187.6	197.0	165.9	182.3	169.8	174.4	166.0	166.3	217.4	180.9	183.7	164.4	171.1	195.8	209.3	176.5	164.6	175.2	215.6	131.7	199.0	204.9	188.0	197.3	185.6	207.2	181.1	217.2	164.2	189.0	212.2	163.1	190.8	195.0	
209.0	177.1	206.7	191.6	152.1	169.8	130.7	216.3	174.3	181.2	212.8	0.0	170.3	177.7	212.2	181.8	174.9	154.1	166.3	163.9	167.0	174.9	198.9	195.4	184.9	200.4	181.5	190.9	153.9	224.4	160.7	127.5	146.3	193.7	162.3	171.6	178.2	204.6	170.1	186.3	168.1	184.0	157.6	193.5	187.0	191.8	177.8	162.0	212.2	163.1	166.4	181.4	163.1	198.6	174.2	188.8	162.2	153.0	158.2	236.7	137.6	167.2	135.4	167.1	169.4	199.5	191.1	185.9	197.8	211.1	160.6	197.6	188.1	162.8	197.2	209.7	154.6	173.0	201.1	174.6	186.0	201.0	195.5	190.4	217.0	126.2	206.1	156.1	153.4	191.4	209.2	211.9	154.0	183.4	145.0	179.2	192.3	203.0	203.9	187.1	198.1	188.6	182.7	199.9	169.8	208.0	154.3	187.2	168.9	206.5	209.9	167.1	177.6	206.5	183.7	214.0	189.6	175.3	193.1	216.1	168.9	178.8	168.8	166.4	167.5	170.5	149.8	177.5	202.5	177.3	206.5	137.8	164.5	189.4	216.6	207.0	192.4	165.1	200.5	210.3	142.5	175.8	222.5	210.8	199.9	151.6	185.1	164.8	158.9	196.7	
186.6	177.5	155.7	165.4	166.7	186.9	170.7	158.6	178.6	192.6	197.6	170.3	0.0	157.4	176.2	142.9	138.7	166.5	145.7	194.6	169.6	142.3	138.7	172.8	161.8	169.2	177.8	172.8	146.0	146.7	147.3	121.5	187.7	160.3	164.2	167.9	193.2	161.0	164.4	173.7	122.3	155.0	137.0	181.0	184.0	128.9	143.2	152.4	218.2	168.5	162.6	154.9	170.4	160.5	176.1	152.2	173.5	160.2	151.8	169.2	165.6	142.7	158.4	125.0	179.0	149.1	127.9	152.4	184.2	191.3	133.1	183.8	148.9	130.0	181.1	119.8	182.3	187.1	156.6	186.4	152.1	184.3	175.6	158.3	145.4	180.7	189.8	178.7	199.5	176.6	202.1	186.8	127.1	148.9	145.2	164.1	158.8	174.6	150.3	148.0	177.8	155.9	189.4	216.2	180.7	153.2	139.6	150.6	156.3	179.2	150.4	182.6	165.1	152.3	145.0	176.5	142.8	155.8	181.8	143.6	167.7	146.0	165.8	142.6	107.1	154.1	105.9	184.2	169.5	147.1	184.4	199.4	176.2	183.4	175.5	192.7	174.8	202.8	181.5	154.9	150.2	174.3	195.6	140.5	198.6	149.6	161.3	186.7	161.7	198.4	
148.3	183.1	169.6	158.1	162.7	203.9	196.7	199.6	208.7	237.7	193.1	177.7	157.4	0.0	182.2	195.9	153.6	170.6	180.2	184.9	160.8	156.3	154.7	197.6	213.2	195.5	193.9	193.9	198.8	211.6	182.5	132.1	189.0	197.8	167.9	157.6	203.2	176.6	173.5	141.9	176.8	184.0	190.8	170.4	193.4	140.2	149.1	162.9	187.5	173.9	128.9	185.0	178.9	139.7	190.1	176.7	225.6	157.7	164.3	197.6	220.7	209.6	166.0	213.1	237.1	156.9	201.5	175.3	173.3	211.2	200.7	192.0	208.1	154.5	199.9	168.0	224.3	225.5	202.5	226.2	163.3	190.8	174.0	181.9	194.5	203.5	177.9	191.8	221.4	172.1	186.8	211.4	164.4	196.8	166.2	204.7	192.6	222.8	179.5	181.3	195.6	195.6	214.5	193.8	187.4	196.0	190.3	169.4	201.2	231.2	198.2	191.5	175.2	196.9	189.4	200.0	184.3	197.4	219.6	178.7	158.7	215.9	171.6	131.0	181.7	152.9	130.2	190.9	204.0	169.7	215.6	190.5	204.6	181.3	224.0	173.2	194.8	207.9	210.6	172.3	212.2	222.0	199.3	211.1	220.5	200.6	226.3	210.9	170.7	182.1	
163.1	187.9	167.7	212.8	188.5	182.5	196.9	173.8	219.7	201.8	169.1	212.2	176.2	182.2	0.0	165.2	178.3	194.6	179.7	208.4	183.9	196.6	158.7	212.1	217.8	209.8	188.0	174.6	234.3	178.0	178.4	183.7	183.1	175.2	196.1	172.0	191.3	190.8	152.7	169.0	176.4	193.4	183.9	148.5	164.4	203.4	228.5	186.6	230.0	228.6	168.1	155.8	227.7	176.5	189.0	194.7	219.0	196.2	135.3	174.7	198.0	204.4	160.6	229.6	180.5	162.6	209.2	174.9	195.0	198.9	204.6	200.7	229.7	178.2	192.9	183.1	223.4	189.5	171.1	191.6	176.3	173.1	210.6	176.3	207.3	216.7	174.3	209.9	235.9	136.0	185.8	185.0	189.7	166.5	161.3	158.5	188.9	189.2	222.4	150.3	193.0	156.8	223.8	211.0	245.4	202.8	178.1	194.4	180.9	199.0	225.2	205.2	204.7	194.5	226.6	163.5	205.2	164.8	213.3	176.0	154.4	213.8	166.3	186.7	194.3	180.0	183.9	200.9	218.7	154.2	194.8	213.6	207.1	202.5	193.5	202.4	187.2	237.0	209.8	177.6	209.5	236.7	214.4	223.7	222.1	195.8	202.5	209.1	153.3	227.6	
212.8	175.9	174.1	194.1	156.0	179.5	141.5	164.8	177.1	199.7	177.3	181.8	142.9	195.9	165.2	0.0	166.1	166.8	172.6	191.9	178.6	188.6	138.5	169.1	191.0	186.8	164.0	190.7	194.8	128.3	171.4	170.0	139.1	197.1	169.7	207.2	136.7	170.9	180.7	177.5	173.1	153.4	169.8	169.7	168.3	169.6	206.7	177.1	188.0	174.7	198.1	177.3	152.2	166.1	163.4	187.9	166.1	189.8	163.6	180.0	154.4	161.6	165.1	149.4	172.5	172.8	171.1	160.8	173.7	164.4	184.0	216.4	169.1	180.3	164.1	165.1	191.0	150.9	159.9	182.4	159.8	151.2	184.1	185.4	190.1	157.2	151.1	182.4	191.6	184.4	182.7	178.7	168.0	128.0	171.5	139.9	142.0	188.9	161.9	158.0	184.1	159.1	193.6	220.9	200.1	195.2	139.7	165.7	179.6	173.2	187.9	147.6	220.0	169.6	203.8	174.3	162.1	160.2	182.6	186.4	182.4	170.3	177.0	152.1	152.2	180.9	161.1	140.8	176.5	178.9	197.9	207.5	185.6	156.3	163.9	197.5	171.8	208.8	180.0	205.6	174.6	178.6	203.2	177.1	193.7	160.8	146.6	147.6	193.7	192.6	
175.4	164.0	161.2	176.7	163.5	152.0	185.6	196.8	199.5	164.5	171.9	174.9	138.7	153.6	178.3	166.1	0.0	184.8	185.0	194.8	164.6	175.9	168.1	193.8	187.1	162.2	173.8	170.5	174.3	165.8	174.9	140.2	173.9	206.3	171.1	183.1	210.7	188.5	160.3	190.4	174.4	189.3	128.1	188.6	198.1	163.1	160.8	203.6	207.5	147.6	101.7	139.5	171.6	182.0	168.8	171.6	192.6	167.0	162.1	169.0	193.2	176.0	133.3	173.9	200.7	150.3	185.2	165.4	166.8	138.2	141.1	191.1	168.7	159.9	160.3	132.1	154.6	195.9	192.7	173.5	156.8	153.2	178.1	148.1	157.0	207.6	167.2	173.8	182.8	202.8	191.8	207.1	170.6	171.3	159.3	187.7	162.8	190.6	175.0	162.1	178.2	171.1	205.5	220.8	206.1	198.7	176.6	163.2	144.6	213.6	176.9	204.8	174.8	180.6	176.2	176.0	155.0	141.9	149.7	137.7	159.0	170.5	151.6	181.5	153.8	129.6	122.8	177.0	167.2	167.6	177.2	175.5	183.2	206.9	207.4	197.1	207.4	184.9	193.9	189.7	161.1	173.7	167.4	199.1	152.5	154.0	162.3	194.2	170.5	143.9	
203.9	135.2	183.8	169.1	135.5	155.0	160.0	163.9	134.5	230.9	204.3	154.1	166.5	170.6	194.6	166.8	184.8	0.0	186.5	163.5	146.6	183.6	152.0	182.2	184.5	234.8	162.1	172.2	158.5	198.1	118.0	155.6	169.6	203.7	155.0	194.6	176.7	163.8	182.4	170.5	180.1	145.0	200.5	157.0	159.4	182.1	206.6	142.3	174.7	180.3	176.2	163.9	183.9	183.0	162.9	194.5	176.2	165.3	184.4	193.8	167.6	162.0	159.2	189.7	189.0	183.3	204.5	169.8	167.2	171.6	193.2	166.9	176.6	135.2	167.2	206.9	157.8	169.3	149.9	145.6	158.7	186.4	186.0	202.3	236.7	166.9	164.5	197.1	178.8	193.1	141.8	177.9	154.4	153.1	150.7	178.1	199.6	159.1	147.5	200.9	216.4	196.7	175.9	147.2	180.4	175.7	117.1	174.0	154.4	190.9	210.8	167.7	191.3	197.0	168.8	189.1	156.2	177.6	205.7	181.7	141.0	151.1	160.8	151.7	172.2	173.0	141.3	134.9	182.2	163.9	218.3	193.5	162.8	159.2	155.2	164.3	137.0	175.3	182.8	211.5	148.7	190.6	202.7	220.7	195.1	148.1	176.1	194.6	147.3	218.2	
178.7	212.3	175.0	180.5	157.3	171.8	174.8	164.5	172.5	187.9	177.4	166.3	145.7	180.2	179.7	172.6	185.0	186.5	0.0	200.9	160.9	110.3	194.1	175.8	162.9	177.8	193.4	171.1	192.9	195.1	172.3	120.2	175.8	154.1	167.6	158.3	157.9	178.6	143.6	200.4	153.0	195.3	167.0	174.6	179.0	184.8	174.3	164.8	210.2	190.5	167.8	182.1	170.4	143.0	133.2	130.8	171.6	157.1	151.2	193.0	170.1	169.5	158.8	161.1	172.7	186.0	153.1	180.5	192.6	202.4	199.5	157.4	180.6	184.6	174.2	178.9	184.7	195.3	165.1	170.1	182.4	217.3	144.8	180.6	173.1	171.8	154.6	148.8	179.4	160.6	181.7	165.1	148.0	168.4	120.6	185.4	184.4	195.5	183.4	180.5	140.7	169.2	201.5	168.2	161.5	202.1	150.7	162.5	181.1	175.8	180.2	188.2	121.2	148.3	189.2	137.5	214.7	156.1	158.5	156.5	161.2	165.1	166.6	123.3	190.3	177.9	166.1	219.5	199.8	147.4	171.5	193.9	174.8	157.0	193.3	173.4	163.3	169.5	161.3	148.5	166.4	155.9	196.9	152.6	199.4	201.3	219.2	162.1	142.2	196.2	
220.8	213.4	166.0	175.2	149.8	182.4	159.4	225.2	233.0	239.0	197.7	163.9	194.6	184.9	208.4	191.9	194.8	163.5	200.9	0.0	207.1	189.3	186.8	188.9	226.5	179.7	207.6	222.0	218.0	249.3	142.3	200.5	189.9	204.0	159.0	196.8	193.1	225.9	171.8	188.5	163.7	173.3	209.2	192.0	212.5	202.7	183.7	140.8	216.6	195.8	204.9	198.5	202.7	177.9	166.8	193.5	196.2	208.1	152.5	223.2	150.6	215.0	173.9	210.5	219.1	221.9	214.6	204.7	197.5	197.8	207.9	210.4	227.8	177.6	198.4	221.6	186.1	193.8	199.5	178.4	190.8	230.0	187.3	192.3	208.2	215.3	188.7	192.2	222.3	165.5	191.7	246.9	196.4	233.9	201.3	166.3	197.2	186.6	201.1	192.3	207.8	204.0	206.8	195.5	174.7	234.3	177.6	138.3	179.9	241.1	163.0	214.5	208.7	177.4	189.6	226.5	158.3	202.6	217.6	207.2	165.6	187.7	167.8	184.9	188.6	201.8	165.9	191.6	197.0	225.4	225.2	205.0	208.2	163.0	212.9	206.1	221.0	171.7	231.1	243.3	180.2	231.0	221.1	245.7	217.0	180.6	206.0	205.5	153.2	211.8	
171.1	112.0	190.6	177.5	151.1	155.4	168.5	179.5	113.2	162.8	212.1	167.0	169.6	160.8	183.9	178.6	164.6	146.6	160.9	207.1	0.0	158.3	194.7	159.6	139.7	205.1	192.3	194.6	177.8	195.1	181.7	138.0	143.5	200.9	161.8	185.1	172.0	172.0	158.6	191.1	201.7	186.3	153.3	110.3	182.9	192.8	174.3	162.4	214.2	184.9	167.2	183.3	131.0	176.9	159.5	158.4	176.1	142.0	166.3	192.1	169.9	210.0	156.4	168.9	178.0	157.6	211.6	211.5	174.6	186.3	176.9	178.8	187.3	160.8	154.8	193.2	177.7	173.6	166.8	192.8	137.6	195.2	168.3	185.9	203.9	174.4	163.8	176.6	164.2	184.2	159.8	191.2	138.9	143.4	133.2	161.2	185.0	172.4	139.6	168.3	183.0	158.7	174.2	166.0	191.9	172.6	140.7	182.7	165.5	209.0	193.6	182.4	178.9	181.0	216.9	139.8	201.9	135.1	159.2	158.4	152.8	174.6	165.4	161.7	175.1	157.5	145.0	169.2	211.0	153.4	193.2	189.2	171.0	157.1	137.7	195.8	154.0	162.9	184.7	188.6	191.5	138.4	171.0	191.6	193.1	197.0	166.1	199.8	156.2	205.0	
163.3	196.8	174.7	171.7	163.1	181.1	173.5	190.0	173.2	205.0	189.6	174.9	142.3	156.3	196.6	188.6	175.9	183.6	110.3	189.3	158.3	0.0	170.5	159.0	179.5	187.0	190.4	168.2	182.0	215.8	160.3	133.4	169.8	188.8	161.0	124.4	171.4	174.2	135.9	212.3	109.8	174.8	169.2	173.4	190.3	175.4	128.6	166.7	211.1	174.0	174.6	171.3	155.9	140.8	161.5	112.0	200.1	177.1	151.7	185.9	190.3	163.9	157.3	163.2	208.3	167.4	163.7	159.7	207.2	213.0	179.9	143.8	160.2	165.0	159.9	145.8	192.0	210.2	171.3	183.4	137.1	228.9	175.4	157.2	170.9	194.7	187.1	134.6	196.7	160.5	201.9	155.5	169.6	195.9	134.9	196.0	173.1	173.5	170.6	159.9	166.0	176.1	200.2	154.5	145.2	184.3	156.2	171.2	165.0	194.3	176.2	190.1	110.6	160.2	171.9	166.8	201.7	173.2	174.6	176.1	164.5	162.1	172.2	129.9	189.8	157.6	153.8	201.8	173.5	127.1	166.5	190.3	198.4	171.1	215.7	172.1	170.2	157.9	163.1	155.1	182.5	177.6	197.9	139.6	195.6	176.3	214.2	191.6	159.6	188.5	
172.3	174.9	180.6	177.2	158.0	193.1	199.5	164.3	189.0	231.9	160.2	198.9	138.7	154.7	158.7	138.5	168.1	152.0	194.1	186.8	194.7	170.5	0.0	174.4	205.1	223.5	153.0	176.7	196.3	151.9	138.3	171.1	193.4	199.1	166.5	174.2	186.9	158.8	199.6	171.1	151.7	132.7	172.4	171.6	160.6	139.4	195.9	156.8	152.0	184.0	167.6	158.7	185.9	138.8	196.7	199.4	191.5	172.8	154.1	153.9	208.6	159.9	176.3	211.8	219.5	126.2	189.7	124.5	195.9	191.2	190.9	193.2	166.7	135.8	164.4	148.2	219.2	190.6	150.6	186.2	154.1	164.3	199.8	194.4	200.6	197.7	189.7	184.8	234.1	165.5	193.9	155.0	182.9	174.4	176.3	179.7	184.0	159.5	166.3	159.7	207.4	163.2	207.1	201.1	195.0	196.8	170.6	176.2	160.7	185.4	187.2	163.1	218.4	179.6	166.9	190.5	142.0	197.9	207.1	195.5	176.4	175.6	167.2	142.0	190.7	171.1	153.9	135.5	160.2	136.7	201.8	208.5	167.6	179.0	198.4	148.2	187.3	218.9	184.1	195.7	197.0	217.5	207.4	193.3	196.7	153.6	180.1	177.1	166.2	194.4	
227.8	186.7	193.4	146.2	151.5	187.9	155.1	192.5	172.9	198.2	177.1	195.4	172.8	197.6	212.1	169.1	193.8	182.2	175.8	188.9	159.6	159.0	174.4	0.0	205.7	194.1	160.6	211.8	189.7	180.6	191.4	169.3	167.3	158.6	164.1	165.6	153.0	212.4	158.7	224.6	152.5	209.4	162.6	165.4	180.3	212.9	188.9	153.0	199.1	156.9	217.1	207.2	160.5	192.4	143.6	176.0	166.8	206.1	155.7	175.0	145.8	220.3	199.6	200.2	192.9	161.3	187.1	186.8	196.6	201.1	208.6	209.9	188.0	160.9	166.9	177.3	190.0	203.7	210.1	181.6	153.5	187.2	140.4	213.4	199.4	166.3	198.3	207.4	229.5	178.3	185.9	168.7	165.8	183.0	194.5	172.1	167.0	145.2	153.8	156.2	189.4	163.0	164.7	179.8	178.3	219.0	162.9	183.1	160.6	161.0	163.5	161.2	211.2	137.8	202.9	203.4	198.9	174.5	150.4	216.8	202.0	163.0	197.7	164.1	194.7	166.9	181.9	155.7	178.1	191.2	220.7	200.0	179.4	165.0	169.1	162.6	206.2	169.1	155.6	204.9	183.5	150.2	208.7	159.0	172.3	160.2	167.1	156.0	195.3	178.2	
189.0	158.7	233.0	185.1	179.4	193.7	214.2	168.9	127.4	178.1	219.0	184.9	161.8	213.2	217.8	191.0	187.1	184.5	162.9	226.5	139.7	179.5	205.1	205.7	0.0	208.2	202.0	200.1	190.1	197.3	162.5	155.4	168.4	209.2	172.6	212.6	228.2	167.3	192.3	205.8	218.7	165.8	166.4	176.1	195.1	191.6	187.0	176.5	215.6	193.5	183.1	205.3	146.7	171.9	186.2	186.5	139.5	95.8	183.0	187.0	181.7	209.0	185.0	152.3	184.1	177.4	171.3	212.0	208.0	207.2	173.2	203.8	166.7	187.8	207.7	193.1	172.1	184.7	144.4	199.3	168.6	213.4	199.2	196.6	195.9	191.6	199.8	134.4	147.2	218.9	178.6	208.3	160.7	156.5	173.6	174.2	202.9	175.3	147.6	171.6	195.9	161.1	180.8	212.4	170.5	204.3	169.0	171.3	143.1	222.8	202.6	186.2	194.1	191.0	207.0	154.8	173.2	176.5	162.6	172.2	182.8	191.6	150.1	164.9	185.9	193.7	161.3	185.3	198.4	162.6	169.5	235.5	132.7	153.6	180.8	232.2	175.3	174.4	212.7	186.6	182.2	117.0	163.8	171.9	194.8	216.6	202.8	195.9	169.1	222.0	
209.4	224.6	149.8	188.4	168.4	201.9	186.2	200.7	233.7	184.8	205.4	200.4	169.2	195.5	209.8	186.8	162.2	234.8	177.8	179.7	205.1	187.0	223.5	194.1	208.2	0.0	199.1	202.7	187.4	212.5	203.6	186.5	193.5	194.9	215.0	198.3	188.0	212.9	134.3	197.1	185.8	197.6	175.5	186.9	213.4	198.6	151.2	194.5	229.5	160.4	191.4	209.5	196.2	176.7	173.8	163.3	210.1	206.8	180.3	216.6	166.7	229.5	159.8	180.4	192.4	193.7	179.2	206.3	168.7	202.8	169.0	223.4	213.4	205.1	215.8	168.4	188.2	186.7	221.1	218.6	172.3	216.6	157.0	186.4	130.7	198.4	174.7	197.9	207.9	185.0	197.2	260.2	185.1	204.4	203.8	165.2	143.2	195.6	191.8	164.8	187.1	199.3	196.6	239.2	196.1	204.2	191.0	167.9	199.1	232.8	161.9	231.9	188.7	129.3	216.2	227.9	176.2	142.2	182.6	182.3	159.7	199.3	203.5	180.4	172.8	165.8	174.6	220.9	176.6	220.1	179.7	206.7	208.3	197.7	213.3	228.8	241.2	186.3	215.7	209.9	190.1	199.7	190.3	198.0	193.5	204.1	210.3	191.7	190.8	182.9	
185.7	173.1	174.0	138.5	138.6	187.6	176.9	153.8	161.1	182.1	146.7	181.5	177.8	193.9	188.0	164.0	173.8	162.1	193.4	207.6	192.3	190.4	153.0	160.6	202.0	199.1	0.0	145.5	180.6	156.8	176.0	169.4	155.8	175.4	170.6	149.5	162.6	154.8	157.9	197.9	177.5	163.1	164.6	165.2	167.6	179.2	202.5	165.7	158.1	126.9	171.9	138.6	179.3	186.3	186.8	206.6	183.4	175.3	186.2	133.9	182.5	187.2	165.7	219.9	151.2	152.5	170.6	153.9	163.1	162.0	176.3	199.1	150.1	136.0	186.8	155.5	162.2	159.8	192.8	146.5	147.5	161.1	165.8	179.3	214.5	143.1	176.5	187.0	195.8	187.4	149.4	149.2	175.7	167.8	166.3	158.0	146.8	144.8	155.3	173.0	222.0	176.5	127.1	163.3	183.4	187.1	153.3	203.5	135.2	104.2	206.9	162.9	197.1	159.1	201.9	206.3	172.0	159.5	168.1	217.7	143.4	163.2	189.6	145.6	186.1	151.2	180.8	124.9	129.3	155.2	183.3	164.9	137.8	178.7	183.6	157.1	173.0	169.3	128.8	177.3	163.2	184.6	162.2	178.8	143.7	126.4	170.0	135.5	198.2	189.4	
178.8	163.8	183.2	195.7	131.9	174.8	186.2	159.6	171.2	197.7	158.3	190.9	172.8	193.9	174.6	190.7	170.5	172.2	171.1	222.0	194.6	168.2	176.7	211.8	200.1	202.7	145.5	0.0	187.7	195.0	148.7	161.7	176.5	184.8	191.8	136.3	198.1	197.7	144.1	186.5	164.5	177.0	191.2	180.0	157.2	172.6	209.1	206.9	177.2	182.5	135.8	117.2	224.5	183.2	183.8	173.0	206.9	173.5	170.5	165.1	205.9	176.1	103.9	192.2	172.3	143.2	180.1	164.4	197.8	181.6	174.2	103.4	155.6	156.7	185.5	159.3	181.7	198.8	172.6	129.4	175.4	211.5	179.4	194.5	202.5	179.6	170.6	185.4	166.5	183.0	176.7	146.4	184.6	153.9	160.3	181.0	137.5	158.8	182.1	191.3	189.3	180.1	188.7	167.0	190.3	151.2	129.8	200.8	152.6	167.4	221.5	198.5	173.7	184.6	178.7	197.0	180.1	148.5	176.2	182.4	137.2	172.5	167.0	157.4	179.8	152.2	142.4	178.8	160.1	149.9	163.9	168.2	174.3	192.3	199.0	160.1	176.1	181.7	158.3	202.6	172.8	205.9	206.0	202.0	164.6	155.4	216.4	186.0	180.2	209.6	
239.3	179.8	199.8	206.8	177.6	191.9	174.7	183.8	169.0	206.0	254.4	153.9	146.0	198.8	234.3	194.8	174.3	158.5	192.9	218.0	177.8	182.0	196.3	189.7	190.1	187.4	180.6	187.7	0.0	202.6	161.1	140.9	200.7	217.1	229.4	207.6	192.3	187.1	176.0	218.6	176.3	173.1	180.0	196.9	169.5	213.9	176.0	190.1	216.9	144.8	190.1	203.2	196.3	212.5	191.1	198.2	202.9	189.0	209.5	232.5	173.5	169.7	157.1	174.9	202.4	183.8	185.5	167.2	179.6	221.6	154.0	209.2	173.4	173.3	190.5	183.6	154.4	177.1	203.1	199.7	158.0	185.4	201.8	221.6	208.6	154.8	223.2	204.0	189.7	228.9	204.5	219.6	158.9	174.2	178.1	211.5	198.6	171.1	187.0	183.8	235.5	221.7	200.7	225.2	196.5	174.3	156.8	221.0	176.3	217.4	221.0	182.9	180.9	187.0	170.5	240.0	175.2	161.3	207.5	214.7	178.0	173.3	207.3	179.8	173.1	150.7	163.1	185.5	170.5	163.2	196.7	206.3	178.7	226.6	207.8	212.3	213.3	191.1	188.3	210.1	152.6	176.8	224.3	192.4	190.4	142.1	189.0	193.1	180.6	193.8	
219.7	181.5	184.6	181.0	182.5	201.7	204.2	162.5	195.4	183.7	188.2	224.4	146.7	211.6	178.0	128.3	165.8	198.1	195.1	249.3	195.1	215.8	151.9	180.6	197.3	212.5	156.8	195.0	202.6	0.0	198.7	173.1	193.1	171.7	191.9	224.9	206.0	198.1	199.6	210.1	203.9	180.8	162.8	175.7	187.9	186.0	231.9	189.4	198.6	186.3	192.5	174.8	181.4	208.1	214.1	197.8	181.0	188.0	181.1	161.4	209.3	188.9	204.9	196.5	170.1	160.3	172.1	184.0	212.3	162.9	185.8	225.6	153.3	172.9	199.2	154.9	223.9	185.8	199.5	193.9	184.9	131.2	204.9	215.4	203.0	195.3	196.3	208.5	242.2	221.4	202.0	160.6	182.7	136.1	200.0	170.3	187.1	191.1	159.7	162.7	184.4	148.6	195.2	230.8	230.7	210.8	186.3	190.1	181.3	159.4	198.2	173.8	230.0	185.7	222.6	173.6	173.2	168.6	158.1	187.0	205.8	200.9	219.4	159.8	178.2	152.0	184.8	175.7	166.3	172.8	188.8	218.5	170.3	211.5	164.6	198.3	184.7	222.1	193.3	206.1	204.5	170.3	216.2	168.5	201.0	169.7	149.0	175.2	196.3	209.0	
203.6	167.7	179.9	177.2	135.6	158.7	163.5	170.2	173.7	220.3	192.1	160.7	147.3	182.5	178.4	171.4	174.9	118.0	172.3	142.3	181.7	160.3	138.3	191.4	162.5	203.6	176.0	148.7	161.1	198.7	0.0	151.4	179.9	188.2	166.3	179.6	202.8	185.1	166.9	182.9	143.4	111.3	198.0	175.8	136.1	186.4	182.6	150.5	184.3	176.2	166.3	161.1	198.2	160.7	166.8	185.8	168.1	151.8	134.9	172.5	167.8	169.5	135.0	177.7	201.9	170.1	166.3	154.8	200.0	182.5	183.1	154.7	161.5	152.8	167.4	181.6	163.6	172.5	131.3	134.3	168.4	187.5	193.1	196.9	196.1	191.2	195.3	155.6	179.9	175.5	162.7	177.2	167.8	175.9	177.2	166.4	190.4	139.6	173.7	160.1	202.4	173.1	202.1	178.9	151.7	187.8	130.4	149.6	121.7	210.6	188.4	165.3	174.8	172.7	139.7	188.0	113.5	180.9	193.8	184.7	154.7	168.9	129.3	151.4	163.8	165.2	126.7	164.9	154.4	149.4	158.9	214.8	151.8	154.7	188.1	173.5	184.2	172.9	197.1	205.0	158.7	191.9	205.3	206.9	196.2	136.1	200.1	178.5	123.6	204.6	
191.8	173.4	177.6	167.6	138.8	169.0	146.1	165.7	166.3	176.4	198.2	127.5	121.5	132.1	183.7	170.0	140.2	155.6	120.2	200.5	138.0	133.4	171.1	169.3	155.4	186.5	169.4	161.7	140.9	173.1	151.4	0.0	166.4	149.2	170.7	151.1	180.0	179.3	148.7	181.0	148.9	183.4	148.1	181.9	166.2	173.3	163.0	155.8	194.2	153.0	123.4	173.0	149.4	154.3	147.3	161.6	174.3	120.0	136.3	186.0	166.5	166.9	138.0	153.8	187.3	147.8	124.6	159.2	190.2	181.1	167.8	178.5	170.8	139.6	166.4	143.5	160.6	182.6	170.3	179.5	167.8	158.3	157.0	189.3	184.0	147.7	182.6	145.1	172.4	176.6	182.0	162.5	143.5	156.9	132.4	190.5	179.6	198.4	175.9	170.4	178.9	150.1	197.4	194.0	175.3	174.8	137.8	162.4	160.5	180.1	197.2	153.2	135.5	172.3	183.8	155.4	183.5	149.0	155.4	177.5	167.5	187.7	140.1	123.1	153.4	138.3	120.6	184.6	194.3	132.5	176.5	176.4	158.9	166.3	198.6	180.9	179.4	164.6	158.5	147.7	152.1	137.3	199.8	144.0	183.4	158.1	202.2	155.4	152.0	144.9	
183.4	139.3	209.2	162.8	160.7	173.8	138.0	196.9	144.3	183.3	170.3	146.3	187.7	189.0	183.1	139.1	173.9	169.6	175.8	189.9	143.5	169.8	193.4	167.3	168.4	193.5	155.8	176.5	200.7	193.1	179.9	166.4	0.0	199.5	133.6	165.0	164.9	181.3	135.7	176.9	181.8	174.0	175.3	151.2	166.2	194.7	188.4	181.3	197.5	148.7	186.7	173.5	136.6	192.6	161.8	169.1	155.0	169.0	161.3	188.0	146.9	195.7	152.2	163.2	148.6	182.8	192.3	178.5	172.3	189.3	177.1	192.4	165.7	186.0	199.0	190.1	165.4	180.9	194.1	169.6	130.7	177.5	190.1	154.8	210.6	141.8	168.2	152.9	144.5	195.5	164.3	177.5	159.2	136.5	166.3	143.1	140.4	179.5	161.5	136.6	169.4	171.1	144.9	173.0	160.6	210.8	153.4	178.6	145.2	186.1	217.7	135.7	191.8	201.3	206.1	190.3	185.8	169.3	170.2	198.6	164.0	184.9	169.2	154.2	169.5	155.8	165.4	131.5	170.2	176.8	185.0	171.5	176.7	155.4	188.7	205.5	147.5	164.1	192.5	194.7	167.7	156.0	182.5	187.2	175.0	164.0	169.0	167.0	192.9	202.4	
225.6	211.4	177.9	154.0	159.9	215.9	175.7	169.0	221.5	196.6	179.6	193.7	160.3	197.8	175.2	197.1	206.3	203.7	154.1	204.0	200.9	188.8	199.1	158.6	209.2	194.9	175.4	184.8	217.1	171.7	188.2	149.2	199.5	0.0	177.8	157.0	205.9	240.0	143.7	196.7	157.5	223.5	177.8	186.2	197.4	203.2	225.2	137.0	225.0	207.8	190.9	186.2	217.3	201.5	178.7	177.7	186.1	185.4	130.3	186.7	163.0	222.3	195.5	209.9	155.1	179.1	145.2	206.1	226.3	210.3	202.8	202.5	210.2	150.2	229.2	182.8	215.8	218.0	218.5	178.5	207.9	198.0	163.1	216.7	212.8	185.9	207.6	210.8	248.3	168.4	204.2	175.0	169.7	182.9	191.1	165.5	183.4	191.5	197.2	176.0	166.2	142.1	185.9	200.4	208.4	211.4	171.8	170.7	183.1	147.1	184.8	187.6	201.2	168.0	218.0	191.9	207.6	174.9	165.8	204.7	194.8	212.1	192.4	153.0	178.6	174.2	174.9	214.8	210.0	194.6	215.8	198.7	185.9	186.3	184.5	196.7	198.1	187.9	184.1	190.5	183.8	184.4	243.0	164.5	205.8	185.7	209.2	183.1	171.1	214.6	
159.8	164.5	199.2	113.1	157.4	161.0	178.4	212.6	163.7	205.9	137.0	162.3	164.2	167.9	196.1	169.7	171.1	155.0	167.6	159.0	161.8	161.0	166.5	164.1	172.6	215.0	170.6	191.8	229.4	191.9	166.3	170.7	133.6	177.8	0.0	159.6	207.6	185.5	174.6	166.4	166.7	177.5	165.8	169.6	199.2	151.6	172.4	150.9	193.0	171.2	176.7	159.4	145.7	181.2	167.4	153.1	126.2	156.4	146.6	163.7	168.5	186.7	187.0	175.0	169.0	183.5	189.9	185.9	200.4	172.4	189.4	168.2	161.1	147.3	206.4	187.2	185.4	212.9	181.3	155.6	166.8	209.9	178.0	151.5	188.3	186.3	172.3	165.8	184.6	179.0	172.2	174.8	157.1	169.1	167.5	158.1	179.6	179.5	134.0	167.3	150.8	157.6	137.6	147.2	143.1	224.4	170.7	120.2	132.2	183.3	168.8	183.1	184.4	192.1	173.7	174.6	159.6	200.1	164.9	158.3	165.2	154.0	163.5	144.8	167.8	165.6	146.4	153.3	171.9	191.8	208.3	162.2	158.0	149.0	183.2	164.8	142.1	173.2	212.3	188.1	162.9	171.4	176.8	195.6	200.6	171.3	172.2	185.9	165.8	220.0	
153.5	192.9	188.0	162.3	155.8	195.0	175.5	194.4	190.4	201.8	146.1	171.6	167.9	157.6	172.0	207.2	183.1	194.6	158.3	196.8	185.1	124.4	174.2	165.6	212.6	198.3	149.5	136.3	207.6	224.9	179.6	151.1	165.0	157.0	159.6	0.0	184.0	192.1	125.3	185.7	115.7	206.6	165.6	182.1	183.5	171.7	168.1	173.9	205.9	174.3	157.3	148.3	201.2	167.6	171.6	164.3	205.8	181.3	141.4	166.7	184.5	197.1	147.6	208.6	185.6	143.9	174.5	159.9	201.8	220.3	183.7	155.1	192.7	136.8	197.6	150.9	192.6	221.4	196.7	173.0	157.4	223.7	165.6	160.1	192.4	174.6	196.3	181.0	202.1	134.4	197.4	158.2	175.1	196.2	147.8	183.1	145.4	170.3	196.0	168.1	192.9	169.6	172.5	161.0	175.9	182.1	159.5	194.7	152.7	158.8	203.2	194.7	159.5	173.0	186.1	206.2	209.8	177.8	189.5	206.0	153.5	176.3	162.5	156.4	187.1	164.7	156.9	183.9	188.7	153.9	200.7	151.8	190.4	183.3	224.8	161.1	190.8	182.7	156.8	154.2	176.6	211.1	199.7	175.4	180.7	164.5	221.3	183.0	187.1	197.4	
219.3	206.9	162.2	210.2	144.1	190.9	134.1	174.3	177.4	199.9	200.5	178.2	193.2	203.2	191.3	136.7	210.7	176.7	157.9	193.1	172.0	171.4	186.9	153.0	228.2	188.0	162.6	198.1	192.3	206.0	202.8	180.0	164.9	205.9	207.6	184.0	0.0	180.0	163.6	218.6	179.1	191.4	187.5	156.9	184.6	210.3	206.0	173.1	203.5	185.3	217.7	195.5	173.5	169.3	155.3	195.7	214.7	218.1	190.4	211.7	158.7	196.2	160.9	200.9	183.4	195.7	208.8	194.2	163.9	203.3	213.6	213.8	209.4	191.8	142.0	203.3	193.9	146.0	191.3	190.4	168.0	209.5	152.8	205.8	221.5	142.7	151.8	203.0	201.6	162.3	181.6	191.8	177.6	185.9	146.2	162.3	155.5	188.9	193.1	199.5	218.4	199.9	198.0	184.0	203.7	189.1	134.5	218.3	213.0	163.3	199.1	180.1	203.0	143.9	233.7	196.4	230.6	146.6	199.7	227.2	165.3	167.4	206.3	163.0	202.5	203.1	198.5	179.6	206.8	179.7	214.5	193.5	207.4	161.7	174.3	184.9	191.9	184.1	129.4	209.6	196.0	202.9	208.2	196.5	195.2	185.0	186.3	146.3	201.0	201.4	
142.8	191.8	195.3	180.6	195.9	196.5	222.8	162.5	147.1	226.0	201.6	204.6	161.0	176.6	190.8	170.9	188.5	163.8	178.6	225.9	172.0	174.2	158.8	212.4	167.3	212.9	154.8	197.7	187.1	198.1	185.1	179.3	181.3	240.0	185.5	192.1	180.0	0.0	195.9	183.7	203.3	145.4	187.8	168.3	184.2	168.1	170.8	184.6	197.5	170.1	189.4	184.9	167.9	146.6	195.1	204.6	200.4	165.6	221.5	169.1	211.7	176.6	191.1	204.2	202.4	179.8	194.6	156.6	144.1	204.3	194.1	216.6	181.9	178.1	196.0	173.5	183.1	170.9	143.4	214.5	131.7	201.4	198.2	158.5	196.8	184.3	166.5	185.1	185.1	192.4	149.5	202.7	169.6	172.2	141.8	192.6	196.8	184.1	157.6	186.1	242.4	212.8	175.5	190.3	190.9	185.8	175.0	202.7	171.3	195.3	225.5	201.4	176.3	180.5	202.4	188.2	184.4	188.5	227.3	180.9	135.0	165.7	184.5	155.5	198.1	194.1	189.0	167.7	179.9	142.6	195.7	225.1	168.4	177.8	201.1	193.6	155.5	221.4	187.3	129.7	184.4	207.6	127.2	193.1	210.3	200.3	207.4	193.1	193.2	226.1	
177.3	170.5	143.1	157.2	146.9	173.6	146.3	163.0	189.2	172.9	173.7	170.1	164.4	173.5	152.7	180.7	160.3	182.4	143.6	171.8	158.6	135.9	199.6	158.7	192.3	134.3	157.9	144.1	176.0	199.6	166.9	148.7	135.7	143.7	174.6	125.3	163.6	195.9	0.0	182.5	133.9	187.7	167.2	141.7	172.9	200.5	172.1	158.6	214.9	162.6	163.3	152.3	189.0	176.6	144.3	124.9	199.8	188.4	140.8	184.6	144.7	193.5	128.9	180.7	146.1	167.9	164.8	168.8	165.0	187.9	156.8	163.2	188.1	160.6	189.7	156.3	159.4	184.4	197.4	158.4	123.5	191.9	160.9	146.9	183.7	175.8	158.7	170.1	192.7	154.2	166.0	181.0	162.7	166.7	150.3	149.6	131.2	152.2	179.2	133.0	155.3	167.2	165.5	160.8	180.9	175.2	144.7	170.1	151.3	176.4	190.1	186.2	141.7	154.8	197.1	185.0	191.1	121.7	159.8	171.2	124.5	180.8	168.1	150.3	168.3	128.5	157.9	186.1	164.6	158.5	166.3	171.7	197.0	179.1	188.1	197.6	168.6	139.8	166.5	171.8	156.1	178.1	194.1	166.2	158.9	160.5	191.6	191.8	152.1	184.0	
159.5	171.9	210.7	186.9	170.6	197.8	209.7	187.4	202.6	249.1	179.4	186.3	173.7	141.9	169.0	177.5	190.4	170.5	200.4	188.5	191.1	212.3	171.1	224.6	205.8	197.1	197.9	186.5	218.6	210.1	182.9	181.0	176.9	196.7	166.4	185.7	218.6	183.7	182.5	0.0	201.2	188.3	201.3	177.6	180.9	146.6	210.5	176.9	171.0	204.2	164.9	203.6	209.0	158.4	184.4	184.0	184.4	164.0	174.9	222.8	187.1	200.4	177.0	200.6	195.6	161.0	206.7	166.5	178.0	215.9	196.4	199.2	232.0	162.6	250.2	191.7	218.2	212.8	177.7	226.2	174.4	201.2	199.6	207.0	199.0	177.5	156.6	216.9	206.4	163.5	179.1	229.2	184.7	147.0	193.7	184.5	181.1	208.3	180.5	190.2	189.2	187.0	182.2	219.3	215.6	196.4	185.9	150.4	198.0	234.0	233.6	207.4	225.2	219.6	205.9	224.1	158.7	200.0	234.2	170.0	147.2	216.3	167.3	156.1	184.7	178.8	155.8	162.2	214.0	209.9	245.0	188.5	186.7	183.9	213.3	196.6	180.9	236.8	249.4	206.1	181.6	230.1	221.1	231.0	227.5	216.3	229.9	218.7	173.7	220.1	
203.6	209.0	165.4	178.2	167.2	182.2	144.2	198.4	210.5	216.2	181.5	168.1	122.3	176.8	176.4	173.1	174.4	180.1	153.0	163.7	201.7	109.8	151.7	152.5	218.7	185.8	177.5	164.5	176.3	203.9	143.4	148.9	181.8	157.5	166.7	115.7	179.1	203.3	133.9	201.2	0.0	183.5	168.9	199.9	181.6	183.7	160.6	163.8	225.7	176.6	188.8	159.4	199.5	175.7	162.0	148.0	197.4	210.0	127.8	185.9	156.7	150.8	156.6	170.3	196.0	169.0	146.8	134.0	215.4	209.4	170.9	169.2	180.6	141.2	177.8	137.0	183.7	208.3	183.0	166.5	157.2	209.6	188.3	164.3	173.1	187.9	208.9	181.0	223.6	144.5	218.2	164.4	177.4	196.8	162.5	183.5	159.5	164.1	198.2	151.9	186.4	169.9	200.8	191.6	178.3	184.5	147.1	167.3	153.0	174.9	177.8	189.5	153.9	162.7	155.0	206.7	179.0	179.2	194.9	196.3	176.7	156.4	170.5	163.4	159.1	161.6	148.9	191.3	172.9	159.4	197.3	183.5	208.3	194.6	219.5	178.7	197.0	190.5	174.0	174.4	151.7	208.4	231.5	157.3	199.4	124.3	196.4	187.1	169.3	191.9	
183.7	167.4	168.5	174.8	155.8	195.6	187.6	168.2	168.3	217.7	212.0	184.0	155.0	184.0	193.4	153.4	189.3	145.0	195.3	173.3	186.3	174.8	132.7	209.4	165.8	197.6	163.1	177.0	173.1	180.8	111.3	183.4	174.0	223.5	177.5	206.6	191.4	145.4	187.7	188.3	183.5	0.0	201.5	149.0	168.0	163.9	169.0	150.6	182.5	170.0	193.9	164.8	169.8	157.6	218.1	192.8	192.1	159.9	180.5	175.5	201.3	177.6	160.9	184.1	197.2	182.1	185.7	175.1	189.3	192.5	171.0	190.5	134.9	169.9	185.8	181.1	202.5	146.3	149.2	182.5	146.6	196.9	214.6	183.1	200.4	194.8	195.8	152.4	194.1	197.1	170.0	196.0	172.7	180.2	181.8	145.0	184.8	157.0	146.5	154.5	218.5	189.9	186.7	186.4	153.7	178.9	156.7	176.0	159.9	212.4	185.6	169.9	194.0	175.0	176.7	197.1	115.7	185.2	212.8	197.9	149.4	182.1	188.1	134.5	169.2	167.5	155.3	160.8	128.7	146.5	141.8	222.5	161.2	163.7	179.8	196.1	167.4	185.4	205.9	207.8	202.7	208.2	183.0	204.2	216.4	160.3	180.8	185.8	159.4	233.6	
169.3	164.5	186.4	186.4	161.9	166.2	186.8	186.2	172.9	107.0	177.6	157.6	137.0	190.8	183.9	169.8	128.1	200.5	167.0	209.2	153.3	169.2	172.4	162.6	166.4	175.5	164.6	191.2	180.0	162.8	198.0	148.1	175.3	177.8	165.8	165.6	187.5	187.8	167.2	201.3	168.9	201.5	0.0	172.2	216.0	164.1	176.4	170.9	213.2	178.4	152.5	157.2	144.5	180.7	179.4	160.0	158.6	156.4	152.5	188.7	159.6	166.5	161.8	167.4	151.9	132.2	179.9	180.2	202.3	178.0	111.1	204.9	176.5	129.6	172.0	139.6	169.9	169.0	181.5	189.1	155.1	191.0	183.1	167.3	166.9	171.7	188.7	164.3	196.4	170.6	221.3	192.4	171.5	167.9	136.5	162.9	164.7	163.2	169.8	162.7	175.2	122.5	167.1	218.9	216.2	186.7	170.7	179.4	149.0	174.4	165.7	208.9	196.6	166.8	209.2	166.5	188.1	125.9	127.8	169.3	168.2	153.3	172.3	180.3	175.8	156.5	159.6	170.8	191.3	155.4	197.4	143.5	153.1	205.1	186.3	204.6	198.5	174.5	176.7	189.2	158.8	147.1	185.4	158.4	158.1	169.2	135.4	178.2	164.4	173.9	
