150

15529

65.0	144.0	738.0	669.0	68.0	650.0	687.0	152.0	266.0	73.0	788.0	920.0	857.0	404.0	63.0	485.0	411.0	52.0	109.0	516.0	621.0	898.0	330.0	239.0	158.0	912.0	468.0	765.0	728.0	408.0	467.0	144.0	551.0	556.0	813.0	619.0	205.0	499.0	122.0	822.0	571.0	261.0	741.0	427.0	16.0	803.0	911.0	778.0	206.0	372.0	293.0	826.0	621.0	622.0	417.0	779.0	885.0	236.0	895.0	965.0	643.0	713.0	108.0	546.0	268.0	920.0	516.0	824.0	770.0	637.0	645.0	693.0	249.0	737.0	119.0	264.0	539.0	382.0	393.0	96.0	105.0	685.0	922.0	725.0	658.0	690.0	855.0	894.0	925.0	749.0	858.0	568.0	813.0	966.0	113.0	80.0	237.0	980.0	903.0	7.0	968.0	899.0	699.0	216.0	635.0	169.0	831.0	525.0	902.0	223.0	621.0	6.0	259.0	894.0	83.0	268.0	583.0	289.0	161.0	507.0	38.0	19.0	426.0	202.0	336.0	890.0	282.0	572.0	869.0	536.0	930.0	836.0	787.0	628.0	51.0	421.0	149.0	233.0	946.0	50.0	807.0	918.0	408.0	65.0	811.0	490.0	332.0	745.0	778.0	493.0	

0.0	147.7	139.3	197.0	136.3	204.7	165.9	157.9	166.0	179.6	218.5	194.8	166.7	183.0	161.5	165.4	155.8	164.5	216.6	209.8	201.5	217.9	155.2	200.1	173.3	172.0	204.3	169.2	181.7	135.1	221.8	158.1	179.3	184.9	183.5	185.6	177.1	207.0	171.7	171.9	135.8	219.9	205.3	177.9	179.6	207.1	212.2	129.2	186.6	160.6	156.0	187.3	224.6	173.4	185.8	176.9	176.9	223.6	191.7	161.0	212.5	162.1	214.8	196.3	195.9	205.7	202.2	155.7	183.7	155.2	183.4	188.6	236.4	180.5	212.0	143.3	182.2	185.1	181.8	197.4	201.5	136.4	140.7	149.2	205.9	195.0	210.4	169.7	155.3	175.7	207.3	195.9	174.4	126.4	191.6	191.3	176.0	191.4	199.5	156.9	204.1	171.0	198.4	164.9	202.8	204.0	196.6	215.5	167.6	157.7	194.3	214.8	143.8	222.1	202.9	172.3	124.7	175.1	193.0	193.9	167.0	218.1	202.8	191.8	222.6	188.0	178.7	179.9	202.2	187.2	173.1	163.4	201.9	206.0	228.5	175.1	153.5	201.4	191.7	199.5	176.2	180.4	204.0	153.6	194.0	198.5	162.4	141.1	133.9	242.8	
147.7	0.0	159.1	184.5	151.8	181.7	182.2	197.7	175.0	175.9	169.3	184.8	137.5	184.1	193.8	143.7	169.8	173.7	209.4	160.1	139.5	205.8	175.8	176.7	204.9	171.0	183.7	162.0	192.1	184.5	185.0	144.7	171.6	189.3	166.6	189.0	153.1	198.5	199.1	173.8	180.9	200.9	221.8	181.6	143.1	172.7	157.7	163.4	168.5	122.1	195.0	159.8	189.5	181.5	160.5	165.4	185.2	194.0	188.1	180.1	188.8	199.3	152.3	206.7	205.6	178.1	186.0	174.0	185.9	154.3	182.1	201.4	173.3	139.0	170.8	157.1	155.7	209.5	128.6	156.6	179.7	164.2	153.8	145.3	155.8	158.8	162.1	141.9	132.8	162.6	190.9	156.8	159.9	153.3	188.8	145.6	185.9	186.5	171.8	166.7	135.7	180.1	205.1	169.8	184.9	159.3	182.7	206.0	210.3	195.0	180.4	214.1	129.1	201.1	172.0	192.8	151.2	151.6	162.6	188.9	208.7	214.0	191.6	161.9	176.4	190.2	182.1	182.8	172.4	177.3	117.9	199.9	184.7	192.0	191.5	141.2	194.8	155.8	152.0	181.0	211.0	137.4	199.6	182.7	180.9	216.1	150.6	191.1	165.1	203.6	
139.3	159.1	0.0	143.1	140.1	175.1	171.1	201.1	190.4	186.1	181.8	197.6	147.9	149.2	183.0	161.3	174.1	176.1	172.5	158.8	188.4	219.1	198.2	184.1	173.3	173.7	161.5	176.8	168.4	137.7	201.1	170.7	192.3	179.8	177.5	196.9	149.2	146.8	176.9	182.5	163.0	161.8	183.7	180.0	194.5	140.6	172.2	110.2	202.2	146.3	133.1	175.0	168.8	184.9	176.1	188.2	163.7	193.4	195.4	178.6	190.2	166.2	179.5	175.7	156.8	174.7	175.0	153.3	159.3	144.1	190.7	187.3	179.6	174.1	213.9	139.3	123.8	197.0	146.5	148.9	163.8	180.0	146.9	192.6	206.5	205.1	185.6	194.9	169.5	196.5	187.4	199.2	180.0	149.4	161.6	163.1	176.1	167.8	156.9	154.1	211.2	198.4	184.8	190.1	172.6	187.3	163.7	193.7	171.4	186.4	186.0	187.8	136.2	185.6	177.7	150.4	164.3	147.7	179.2	197.7	161.7	155.5	188.9	153.8	174.4	163.8	169.9	181.9	169.7	168.3	159.7	149.2	205.2	164.8	190.3	164.1	129.7	151.4	115.1	206.9	169.5	158.6	168.9	164.1	192.7	200.8	168.8	152.9	153.1	212.5	
197.0	184.5	143.1	0.0	189.5	171.4	171.3	199.9	201.4	191.1	148.0	202.4	166.9	214.1	221.8	134.2	192.9	141.9	141.0	205.8	165.5	207.1	214.6	177.6	170.1	161.4	170.3	158.3	177.5	168.5	159.5	185.7	204.3	190.9	170.0	193.2	171.8	134.5	197.4	186.9	201.2	184.4	197.5	199.4	174.4	152.5	115.2	147.7	192.5	144.8	175.0	188.9	153.6	161.5	190.6	189.0	170.5	194.6	172.4	186.5	205.4	191.0	154.5	160.1	151.4	108.6	131.4	157.5	161.3	173.7	192.4	130.0	160.4	214.3	174.7	194.9	117.9	167.9	182.6	191.3	187.9	185.8	162.3	191.1	219.4	188.9	196.4	173.7	190.9	185.0	236.8	199.7	165.2	168.3	139.6	175.7	182.8	170.0	192.7	173.2	205.0	180.1	187.3	201.7	160.4	165.2	166.0	190.4	146.6	162.2	159.2	204.8	178.9	183.0	163.9	168.9	188.2	170.8	156.6	200.3	140.3	181.2	146.2	173.0	156.0	185.7	171.8	195.2	147.0	176.4	182.8	183.3	159.9	124.5	204.8	188.7	174.6	177.6	161.5	206.5	179.5	169.3	178.7	190.3	196.5	187.6	187.9	186.8	180.3	228.1	
136.3	151.8	140.1	189.5	0.0	188.2	160.7	180.5	178.2	176.3	197.0	160.3	131.3	186.0	199.5	169.8	147.9	169.4	207.8	149.6	192.3	186.1	207.3	182.5	163.7	167.2	155.6	164.9	170.6	172.7	215.7	147.0	157.8	171.2	188.6	212.2	183.4	155.0	155.4	157.7	168.4	181.9	245.3	168.6	177.0	163.3	204.8	148.4	173.0	134.2	138.2	183.3	195.9	181.5	177.9	131.3	172.6	206.8	189.6	160.7	189.5	189.6	213.1	197.4	161.6	188.5	203.6	172.0	157.0	175.1	193.9	184.1	212.5	178.8	223.6	141.4	152.1	195.6	152.1	161.3	152.7	187.8	119.9	184.5	190.9	177.2	193.6	190.2	181.3	176.4	142.1	197.7	166.7	156.6	172.2	159.2	188.9	205.5	200.1	154.4	176.7	159.4	201.7	176.7	187.5	179.5	158.0	185.2	165.1	195.8	203.9	209.5	163.3	209.3	157.7	191.6	177.0	155.0	166.5	181.9	196.6	206.6	207.4	189.1	185.8	159.8	188.8	183.4	183.2	208.8	144.0	175.6	208.3	168.7	175.8	152.5	161.2	185.8	162.9	166.7	217.2	176.5	207.4	163.5	185.4	172.0	152.7	171.0	176.8	200.9	
204.7	181.7	175.1	171.4	188.2	0.0	202.1	180.7	212.1	196.5	172.2	197.1	182.6	196.5	179.9	205.3	141.7	178.6	182.1	185.0	196.5	214.2	217.1	176.0	201.8	187.5	184.6	161.8	199.9	193.5	177.2	191.5	203.7	198.4	147.8	228.2	177.6	170.8	224.8	204.7	198.8	144.9	214.7	159.0	158.2	159.2	195.0	200.0	156.4	191.9	169.5	162.3	179.0	190.3	194.5	159.3	213.3	199.6	209.0	179.7	205.1	157.0	194.7	192.8	201.8	195.4	155.3	171.9	152.6	195.9	208.0	154.7	165.6	153.5	212.0	175.8	139.6	233.8	198.9	171.1	172.5	205.7	143.0	207.8	241.8	205.6	177.3	173.9	187.9	214.3	195.4	176.2	143.0	181.1	166.3	199.7	189.0	171.1	148.5	173.1	172.8	183.0	185.3	195.8	177.4	180.8	211.1	161.4	202.9	179.4	135.0	211.1	177.3	162.6	152.4	172.7	175.1	174.6	212.5	192.7	187.8	189.4	192.9	166.4	191.1	169.5	156.9	169.5	146.0	213.6	170.2	196.5	203.1	194.9	216.0	174.6	201.2	152.1	173.0	206.3	188.4	182.1	197.2	202.3	172.8	204.8	133.3	171.4	192.8	208.1	
165.9	182.2	171.1	171.3	160.7	202.1	0.0	178.8	174.5	190.8	184.4	169.8	186.7	188.1	195.4	156.9	178.7	177.7	183.7	202.8	186.4	211.4	191.5	189.7	123.3	151.1	115.1	120.0	173.6	158.5	197.0	148.1	151.3	199.2	110.8	209.2	173.6	164.0	187.3	141.3	158.3	206.4	205.9	197.0	176.6	166.9	185.1	167.5	186.8	152.6	177.2	183.6	198.3	181.7	152.2	167.0	178.0	146.9	181.2	190.9	190.6	186.8	180.2	214.4	149.7	168.6	140.8	145.0	200.2	179.5	135.2	164.3	200.5	208.0	161.2	150.6	165.1	139.6	184.7	203.6	138.4	164.3	170.8	151.5	158.9	156.9	170.5	140.8	172.1	143.0	202.9	188.9	154.5	149.3	149.5	205.4	152.4	188.8	183.8	154.7	181.2	179.2	190.0	172.8	178.1	185.6	146.6	183.5	159.5	157.7	217.1	190.5	188.9	237.2	189.4	160.3	186.7	174.5	156.1	171.9	186.8	201.8	145.2	211.7	189.2	191.3	174.7	183.4	188.5	199.8	190.7	150.2	191.5	178.3	169.5	169.5	201.2	187.9	178.7	188.6	190.3	184.8	225.2	203.9	169.9	141.9	137.8	197.3	154.0	217.5	
157.9	197.7	201.1	199.9	180.5	180.7	178.8	0.0	163.3	224.8	218.4	185.2	166.6	180.6	186.7	204.5	161.3	163.4	207.8	233.3	215.8	208.8	226.3	189.1	158.4	210.8	187.8	166.7	181.7	166.0	220.3	171.2	232.8	178.5	186.7	217.8	165.7	219.0	162.1	186.5	174.6	236.1	230.6	168.2	162.7	217.5	242.7	182.5	192.3	177.2	198.1	169.7	222.7	189.8	190.1	166.5	165.7	241.9	205.8	167.6	192.6	161.9	198.1	227.6	204.6	191.3	155.8	121.2	165.1	204.8	176.2	173.5	225.7	174.7	195.1	163.9	163.0	204.4	231.7	207.6	187.3	163.5	148.3	188.5	237.9	197.8	235.1	178.4	182.0	201.6	214.4	185.3	189.9	159.8	171.5	235.3	160.6	190.5	208.3	141.3	195.5	170.4	178.0	169.4	178.8	140.8	193.0	184.2	193.8	164.9	142.2	226.7	201.1	227.9	182.2	184.5	145.9	198.4	199.9	174.2	178.3	204.3	185.5	205.2	197.7	237.5	187.1	159.0	176.3	204.1	210.5	151.8	211.9	213.9	256.6	188.6	186.3	233.5	210.1	188.1	183.8	189.2	247.5	199.8	171.8	201.8	147.4	154.6	155.7	243.1	
166.0	175.0	190.4	201.4	178.2	212.1	174.5	163.3	0.0	233.8	202.7	195.5	146.0	190.3	180.6	171.7	178.8	177.3	221.6	192.2	149.2	188.8	198.6	162.1	156.4	203.6	200.6	153.2	146.1	178.0	214.1	191.5	196.9	185.5	190.2	187.0	154.3	223.1	178.6	134.2	169.6	243.9	183.5	174.7	160.2	235.3	208.1	172.8	176.4	179.7	201.4	172.0	236.0	200.0	156.6	185.8	196.3	207.4	195.1	155.8	170.8	177.0	203.6	181.4	183.9	186.7	181.5	170.2	202.4	145.6	159.0	176.2	213.4	201.7	161.2	179.9	172.9	191.6	183.0	176.7	186.4	152.8	162.0	123.1	201.2	208.2	202.8	198.0	213.2	180.4	202.1	131.4	212.5	152.4	180.9	184.3	142.2	144.6	196.4	177.2	183.5	144.1	185.1	126.5	175.4	168.5	143.3	241.0	186.2	213.6	206.6	196.4	166.1	221.9	215.8	188.1	154.9	180.7	224.1	156.8	191.6	169.0	201.8	180.2	200.2	228.7	205.2	174.1	208.3	143.0	214.4	181.7	222.8	177.8	198.9	181.6	186.8	198.8	181.5	174.1	174.3	135.7	213.1	173.1	164.0	168.6	183.0	141.3	160.3	190.0	
179.6	175.9	186.1	191.1	176.3	196.5	190.8	224.8	233.8	0.0	196.5	218.2	194.0	223.8	202.0	178.8	159.4	166.4	175.6	193.4	186.3	202.0	215.5	226.5	199.7	199.0	208.2	156.9	218.1	190.1	203.7	143.4	158.2	171.9	185.0	224.6	219.5	205.1	222.2	179.6	205.4	168.0	226.0	218.8	191.7	191.6	178.2	177.5	203.0	174.0	146.1	192.8	180.8	193.6	202.5	167.1	213.7	172.0	208.5	207.4	216.9	204.7	197.7	222.4	192.5	212.1	220.5	159.8	167.7	178.2	228.7	187.1	226.9	221.2	187.4	168.1	177.4	192.1	206.9	211.8	205.0	167.9	152.5	183.0	236.2	146.4	225.2	180.4	156.7	203.2	227.1	182.7	175.9	197.3	193.4	174.6	214.8	214.9	224.7	219.2	153.4	174.5	185.5	239.8	217.8	192.3	222.4	207.4	203.7	200.1	215.6	233.2	158.4	188.8	186.0	173.2	185.7	162.5	162.2	194.2	196.0	231.5	187.0	232.8	178.4	149.6	147.9	187.1	213.2	214.4	167.3	214.5	207.9	210.2	212.8	193.6	219.0	206.3	175.1	181.8	232.3	182.3	203.2	227.8	239.5	223.9	162.4	225.5	203.6	251.6	
218.5	169.3	181.8	148.0	197.0	172.2	184.4	218.4	202.7	196.5	0.0	174.6	184.0	194.8	182.5	163.6	189.5	189.4	176.2	182.6	144.8	195.4	209.8	198.5	193.2	154.5	191.4	158.8	165.4	172.2	143.6	176.2	214.5	188.6	158.4	222.4	190.8	159.9	201.1	149.9	222.1	195.2	201.6	199.2	162.9	161.3	172.9	197.1	150.0	163.0	192.8	170.5	213.3	181.3	147.0	176.2	215.1	167.2	159.0	200.2	171.0	166.7	150.0	180.8	177.6	153.8	147.9	186.7	184.4	163.0	208.1	154.8	115.8	180.2	188.0	204.0	150.4	195.6	147.4	174.8	169.7	207.6	172.7	188.7	196.0	135.7	158.2	176.4	171.1	185.2	205.9	160.0	142.5	203.1	151.8	150.3	191.7	168.8	166.7	189.1	169.3	183.5	189.2	206.1	119.1	172.1	169.3	202.7	157.8	181.0	184.0	195.9	183.4	180.0	169.6	200.4	201.6	154.0	170.7	164.7	185.5	198.3	171.3	175.2	160.2	171.9	206.9	168.3	137.2	179.9	146.1	195.1	140.1	155.3	219.1	171.2	190.3	167.9	161.2	162.6	206.0	170.1	159.6	190.6	181.2	170.0	166.1	228.6	176.2	202.8	
194.8	184.8	197.6	202.4	160.3	197.1	169.8	185.2	195.5	218.2	174.6	0.0	165.1	200.5	200.4	217.0	180.1	180.3	190.6	182.9	190.8	156.6	173.2	179.7	160.3	203.7	174.1	159.8	184.4	188.6	177.6	179.4	168.4	198.5	181.2	188.1	192.7	183.6	182.0	146.5	195.6	201.3	229.1	185.3	176.7	134.1	207.5	181.1	197.9	164.1	187.4	141.0	219.4	129.1	181.8	175.6	157.3	169.2	146.7	183.7	170.8	165.9	185.0	217.1	162.1	166.9	150.9	164.2	197.2	173.8	166.5	196.8	150.2	184.3	205.0	206.7	162.7	190.4	166.6	176.9	143.3	201.5	177.9	186.1	154.0	166.9	227.5	196.6	208.8	161.0	163.6	203.0	137.7	194.4	154.5	174.6	200.6	192.8	177.5	182.7	171.7	163.2	192.1	165.3	147.2	176.2	167.7	149.9	151.0	178.9	214.1	201.3	194.6	193.9	158.1	194.8	214.6	203.5	191.1	175.3	206.6	186.5	180.9	165.1	171.0	213.6	225.3	179.5	160.8	194.0	168.2	182.1	144.9	199.1	175.9	192.7	191.8	203.3	186.5	151.0	182.9	180.3	174.3	190.3	173.4	133.4	139.2	179.1	175.2	188.6	
166.7	137.5	147.9	166.9	131.3	182.6	186.7	166.6	146.0	194.0	184.0	165.1	0.0	163.3	207.1	163.2	158.2	139.2	218.7	135.2	169.3	176.9	210.9	142.5	187.2	201.2	173.5	144.8	177.3	153.3	199.1	159.4	195.8	152.3	203.3	204.2	143.3	182.2	142.4	154.3	166.1	163.0	222.3	155.1	187.0	177.4	167.5	121.6	195.9	132.4	180.5	152.6	162.7	168.0	161.8	139.8	155.9	199.6	165.5	153.8	171.4	163.8	167.1	207.0	163.6	159.8	176.1	141.5	139.8	162.2	161.8	192.3	177.2	170.7	181.0	159.8	110.4	206.7	119.6	147.0	169.3	175.0	140.4	180.1	191.9	189.1	199.0	183.9	174.1	185.8	143.6	160.5	186.3	174.2	181.0	143.0	179.5	155.8	178.7	186.4	173.4	145.6	171.7	147.9	168.8	122.9	138.7	180.3	186.5	201.8	161.1	183.3	129.7	153.6	158.7	184.5	147.2	129.3	168.6	193.3	167.6	172.3	191.3	152.0	139.0	185.9	193.9	163.1	153.7	170.9	156.5	172.7	200.0	162.5	170.0	162.5	151.4	172.7	137.6	126.2	200.2	113.2	177.3	171.7	170.1	172.2	161.8	145.6	175.3	184.0	
183.0	184.1	149.2	214.1	186.0	196.5	188.1	180.6	190.3	223.8	194.8	200.5	163.3	0.0	184.1	207.5	207.8	212.0	222.6	187.6	214.2	240.4	224.2	202.8	200.4	208.0	190.8	180.4	166.9	179.6	222.0	158.7	226.5	171.0	195.0	214.9	151.3	215.6	196.3	199.2	189.1	206.4	237.7	198.7	191.2	177.7	232.1	191.9	217.1	196.3	207.5	178.1	218.4	240.8	143.4	196.9	174.7	211.3	220.6	230.3	199.8	161.7	209.4	259.7	216.9	214.6	175.2	162.3	204.4	153.6	191.1	215.2	191.9	143.8	220.9	152.8	158.2	214.0	166.1	165.8	168.9	197.2	184.4	205.5	225.5	199.9	197.2	197.1	183.8	216.3	187.0	179.5	201.6	178.9	177.2	211.1	190.1	146.1	165.9	162.4	207.7	225.3	169.5	218.1	160.5	187.8	196.9	210.7	220.1	240.9	207.1	214.5	167.5	221.1	201.4	153.2	155.9	163.1	208.8	181.4	203.5	171.4	187.0	194.0	180.5	195.7	205.3	184.4	195.0	211.0	191.3	142.8	240.5	215.6	225.5	190.2	159.5	177.0	159.4	188.4	211.1	190.5	227.7	181.3	203.5	223.4	156.7	186.7	143.5	237.9	
161.5	193.8	183.0	221.8	199.5	179.9	195.4	186.7	180.6	202.0	182.5	200.4	207.1	184.1	0.0	188.1	136.5	180.2	203.1	178.3	197.4	226.4	165.3	196.8	183.3	189.0	223.6	171.5	163.2	165.7	187.1	199.0	206.7	164.2	154.5	212.6	202.4	217.8	172.2	163.7	169.7	224.3	168.5	201.9	181.6	216.1	222.8	182.9	132.1	191.1	147.8	151.3	239.7	182.1	174.1	179.7	228.6	188.7	198.5	172.8	195.5	147.9	222.5	185.4	201.0	236.2	195.1	185.6	218.6	148.6	207.3	170.1	215.2	162.3	208.8	173.6	206.6	186.6	210.9	161.7	221.9	150.3	178.2	166.7	217.3	182.0	189.0	187.2	173.6	200.1	195.2	181.1	174.7	171.2	185.4	208.2	144.5	179.2	143.5	179.2	205.4	192.4	154.8	173.6	181.5	216.6	217.4	212.1	180.5	185.0	198.7	183.1	155.2	198.9	211.4	164.2	178.9	166.7	211.4	119.3	213.2	203.7	206.2	182.5	229.7	189.0	161.8	160.5	194.8	179.5	199.2	161.7	197.6	197.7	247.2	188.7	172.0	185.6	170.7	174.5	161.0	197.3	177.8	180.3	144.6	183.7	162.4	184.2	141.4	204.8	
165.4	143.7	161.3	134.2	169.8	205.3	156.9	204.5	171.7	178.8	163.6	217.0	163.2	207.5	188.1	0.0	167.1	144.9	197.5	174.0	141.3	218.2	185.5	167.5	164.2	140.1	168.0	146.8	165.0	156.1	169.3	170.3	171.4	140.9	160.8	192.9	152.6	174.1	170.1	158.7	188.7	213.8	196.4	195.1	163.0	193.3	130.7	158.3	150.7	122.7	177.4	195.6	178.8	183.6	165.2	158.4	187.8	180.9	173.5	155.5	190.3	205.8	159.4	162.6	181.2	151.2	174.3	173.0	185.2	155.6	168.4	150.2	209.1	194.4	155.5	169.7	152.5	136.9	176.6	182.1	200.2	120.5	181.3	158.4	182.2	175.5	144.5	156.7	173.6	169.3	211.1	180.0	164.1	118.8	171.6	177.0	141.1	166.4	193.5	169.2	194.3	172.1	180.0	186.4	178.0	166.0	156.0	231.0	162.9	188.6	197.3	185.5	143.1	201.8	165.7	167.9	158.0	159.3	141.5	169.3	186.4	215.8	184.0	178.1	161.8	177.5	169.2	195.7	184.9	166.9	155.3	184.1	166.5	113.7	187.7	146.4	163.1	164.0	161.0	183.6	200.5	184.5	205.9	179.0	175.3	187.0	172.7	200.1	186.5	198.8	
155.8	169.8	174.1	192.9	147.9	141.7	178.7	161.3	178.8	159.4	189.5	180.1	158.2	207.8	136.5	167.1	0.0	125.1	204.1	156.2	186.6	186.7	177.4	178.8	168.3	165.2	185.1	140.6	178.9	160.1	182.3	153.4	168.7	152.7	148.6	219.3	162.9	189.7	153.5	159.2	185.8	171.3	184.2	139.0	176.9	188.2	194.3	159.1	148.3	146.1	114.4	164.1	194.5	162.2	189.0	104.9	202.0	180.5	179.8	128.4	159.2	145.7	195.2	176.3	186.2	208.7	181.2	146.1	157.5	191.1	197.3	162.9	211.0	151.3	187.3	155.3	161.1	188.0	197.6	150.2	184.4	138.6	126.5	179.3	217.2	185.3	178.4	155.2	182.4	196.0	167.8	160.0	157.7	169.2	185.9	188.5	138.1	177.6	159.9	184.6	183.7	150.7	174.7	169.4	195.5	172.2	186.1	185.4	173.9	166.0	172.5	174.7	143.6	150.5	158.3	182.6	173.0	163.7	194.6	145.0	185.3	206.4	200.8	165.8	185.0	181.0	135.8	152.5	179.0	183.6	171.3	180.6	179.1	187.8	192.7	147.8	152.6	165.5	168.8	146.7	178.1	168.4	179.2	184.3	140.5	161.6	121.0	151.4	178.6	180.8	
164.5	173.7	176.1	141.9	169.4	178.6	177.7	163.4	177.3	166.4	189.4	180.3	139.2	212.0	180.2	144.9	125.1	0.0	180.0	182.8	178.3	169.5	164.1	184.0	180.8	177.8	202.7	144.3	161.0	161.1	184.7	157.6	175.0	152.3	166.8	176.3	178.1	194.0	168.7	181.8	203.4	182.4	195.4	184.8	169.7	185.2	145.8	117.9	172.8	110.3	150.7	170.8	152.3	135.8	208.0	116.7	177.3	187.1	185.0	158.9	175.1	170.7	178.6	173.0	164.2	167.4	166.9	140.7	171.0	171.3	187.8	148.8	209.0	189.7	155.7	178.7	159.0	166.9	185.3	177.3	195.2	135.9	153.1	180.0	228.3	177.5	205.7	150.7	183.6	164.5	209.2	174.9	173.5	168.9	155.5	194.9	161.9	165.0	184.1	183.5	196.9	133.7	151.4	158.6	204.9	163.2	194.8	188.6	170.0	155.9	154.7	156.5	134.2	164.4	150.9	172.1	175.4	164.7	161.7	162.8	162.5	197.2	182.0	169.3	170.5	199.4	151.5	175.7	146.9	180.2	186.5	171.2	170.4	150.2	198.3	175.6	154.2	177.3	178.3	141.1	169.8	158.8	171.0	155.4	183.2	172.2	155.2	159.0	178.8	214.0	
216.6	209.4	172.5	141.0	207.8	182.1	183.7	207.8	221.6	175.6	176.2	190.6	218.7	222.6	203.1	197.5	204.1	180.0	0.0	214.8	173.1	194.6	223.5	211.7	162.5	208.3	178.8	183.9	187.1	207.7	182.0	199.6	194.9	201.5	169.8	181.2	209.2	171.6	230.0	196.9	216.8	203.2	199.3	235.6	151.9	151.0	174.9	180.5	196.3	170.2	165.6	163.5	181.8	169.5	214.4	215.4	188.2	179.7	221.0	206.0	206.2	219.1	166.6	181.4	150.5	157.2	151.8	165.4	187.3	164.5	217.5	161.1	178.1	224.9	174.5	201.4	158.9	190.6	228.8	191.7	178.0	191.2	177.3	194.4	230.9	173.5	243.7	211.7	197.5	199.5	257.1	211.5	182.7	181.2	115.3	197.9	192.3	206.2	205.0	170.2	171.6	192.6	179.2	222.9	175.4	179.3	208.3	189.2	183.7	185.7	199.0	221.3	204.0	217.6	170.7	155.6	220.3	195.9	177.8	169.1	209.3	167.8	156.8	202.0	174.2	213.0	164.1	184.5	175.0	183.1	200.2	193.0	189.6	174.4	228.0	218.8	226.4	209.3	161.8	222.5	166.3	185.9	204.6	227.6	216.8	216.4	176.5	217.5	185.6	239.9	
209.8	160.1	158.8	205.8	149.6	185.0	202.8	233.3	192.2	193.4	182.6	182.9	135.2	187.6	178.3	174.0	156.2	182.8	214.8	0.0	168.3	197.2	214.4	154.0	193.0	212.6	175.0	165.6	180.4	191.5	192.8	192.2	172.7	151.6	183.8	229.8	183.4	173.2	174.9	156.7	189.5	167.2	206.0	192.9	202.1	164.2	172.2	171.1	176.0	154.0	148.2	146.0	161.3	192.5	165.4	154.0	199.8	155.7	193.9	182.5	167.4	196.4	193.8	191.9	174.4	210.4	214.0	188.4	186.5	158.3	193.1	199.8	178.1	176.1	206.0	165.9	158.1	206.9	149.8	123.6	181.9	193.3	176.4	195.3	173.4	184.9	167.0	210.8	187.0	189.8	101.3	181.5	182.7	190.7	189.3	146.9	185.8	185.8	139.3	196.2	175.9	189.5	157.8	173.1	185.7	174.6	158.4	185.9	206.8	236.8	211.7	172.8	128.7	169.9	170.5	175.9	205.2	147.3	169.4	169.1	228.6	175.8	223.0	153.3	164.8	157.9	189.0	190.0	177.1	183.7	155.2	185.8	219.2	156.6	146.2	144.4	183.2	154.2	97.0	151.8	216.7	163.1	165.0	197.5	169.4	186.9	173.3	195.9	208.4	127.9	
201.5	139.5	188.4	165.5	192.3	196.5	186.4	215.8	149.2	186.3	144.8	190.8	169.3	214.2	197.4	141.3	186.6	178.3	173.1	168.3	0.0	174.7	188.8	180.1	179.3	169.5	197.6	137.5	176.9	194.2	178.0	180.9	174.1	183.0	174.0	156.2	160.0	180.7	223.9	145.1	205.3	230.5	170.3	200.9	118.3	189.1	149.4	191.3	160.6	155.3	191.5	173.4	205.7	184.5	135.4	182.3	177.6	173.6	198.2	185.1	157.0	212.0	150.4	152.2	202.9	153.4	173.5	175.9	186.5	136.1	198.4	157.2	151.7	194.0	129.8	210.4	157.9	189.5	168.3	161.5	181.3	151.3	157.0	139.6	174.4	168.8	185.3	192.8	184.4	177.3	209.9	142.6	184.8	162.8	166.9	113.7	187.1	157.0	187.3	192.1	125.0	177.4	172.9	182.7	168.5	146.2	142.0	238.1	185.3	216.6	218.1	198.5	145.2	214.5	167.4	170.4	170.3	176.2	175.8	161.3	214.5	166.6	190.2	147.4	162.7	195.5	211.5	163.8	175.5	139.2	153.9	224.9	187.2	144.5	177.6	160.2	216.3	190.1	148.4	172.2	172.4	138.1	181.1	204.8	192.5	189.3	179.9	199.5	196.9	168.1	
217.9	205.8	219.1	207.1	186.1	214.2	211.4	208.8	188.8	202.0	195.4	156.6	176.9	240.4	226.4	218.2	186.7	169.5	194.6	197.2	174.7	0.0	227.3	179.9	191.8	221.9	208.8	154.7	210.1	206.5	248.8	172.1	170.6	184.0	210.6	224.8	215.4	188.4	226.5	171.0	235.7	216.7	229.7	158.6	176.8	190.0	227.6	194.8	222.0	185.5	179.3	156.3	209.6	195.2	217.5	186.5	215.5	189.5	191.3	196.6	186.8	195.9	187.8	199.0	177.9	214.5	212.8	190.4	165.7	188.2	204.2	211.4	206.9	245.8	166.6	234.2	176.1	216.1	188.9	214.0	175.5	201.9	170.4	187.8	232.3	198.1	236.0	212.9	218.3	170.1	213.9	170.8	202.1	213.8	137.4	191.3	232.9	179.8	206.8	202.5	174.4	137.8	189.3	180.8	190.4	167.7	192.3	226.3	174.1	218.3	217.8	170.5	206.4	207.9	184.2	211.8	219.5	199.8	220.2	195.5	193.5	217.2	206.1	214.5	171.1	215.8	235.1	160.8	182.2	224.6	210.3	226.4	211.7	200.6	206.7	205.2	210.8	200.1	218.1	167.8	216.1	188.4	186.2	218.8	235.7	176.4	188.2	206.4	217.2	168.1	
155.2	175.8	198.2	214.6	207.3	217.1	191.5	226.3	198.6	215.5	209.8	173.2	210.9	224.2	165.3	185.5	177.4	164.1	223.5	214.4	188.8	227.3	0.0	227.3	205.2	184.8	245.6	185.1	180.1	187.2	183.4	206.1	163.4	218.7	171.1	136.7	200.2	239.0	228.6	191.8	210.0	236.4	180.5	227.4	183.9	199.8	184.5	176.0	182.5	174.8	193.7	202.7	239.7	148.8	207.1	189.7	197.0	188.1	201.2	197.5	196.8	181.1	223.8	187.5	222.9	205.3	192.4	195.9	252.3	152.6	199.7	192.2	209.6	184.2	211.5	214.4	221.3	185.2	191.1	198.0	214.3	153.3	207.4	171.0	191.8	205.9	211.2	183.9	215.8	170.2	224.5	210.1	162.0	169.9	205.1	201.5	192.2	183.5	180.6	210.1	220.0	193.7	199.3	174.5	222.2	244.1	222.9	230.2	186.2	179.0	239.9	196.8	140.8	217.3	201.1	184.5	194.8	226.8	220.0	187.7	219.3	210.9	226.0	152.8	236.5	221.0	213.4	221.3	200.5	176.0	184.1	204.1	164.8	206.6	200.6	194.0	188.4	195.0	208.9	198.5	152.1	200.0	170.3	147.4	200.7	187.6	168.7	169.6	183.7	232.1	
200.1	176.7	184.1	177.6	182.5	176.0	189.7	189.1	162.1	226.5	198.5	179.7	142.5	202.8	196.8	167.5	178.8	184.0	211.7	154.0	180.1	179.9	227.3	0.0	157.5	214.5	151.0	133.8	205.8	189.2	194.0	199.9	177.7	152.3	182.5	232.2	164.9	165.5	170.9	152.3	147.4	200.9	219.9	139.7	185.1	180.1	181.8	186.4	193.5	190.9	184.7	116.4	177.1	187.5	170.4	199.5	190.9	183.7	139.4	157.4	218.8	181.7	182.3	200.0	168.9	191.7	177.6	178.2	169.2	168.9	125.7	184.0	188.1	208.0	172.3	188.6	134.2	174.7	186.2	180.1	201.4	176.8	183.3	154.2	171.3	211.1	182.3	185.7	198.4	171.8	166.0	182.1	167.2	153.7	161.3	191.3	172.7	157.2	156.2	166.3	185.8	164.8	170.7	147.0	140.8	150.9	154.7	181.1	166.1	214.8	177.7	195.0	184.7	179.1	191.7	164.5	175.5	170.9	196.0	190.7	180.7	200.5	169.0	181.0	162.9	186.7	186.7	180.1	189.5	198.6	201.6	182.1	200.5	170.0	182.3	183.1	186.2	161.9	168.4	191.5	206.8	185.5	198.7	220.3	150.1	171.3	182.9	166.9	182.2	132.9	
173.3	204.9	173.3	170.1	163.7	201.8	123.3	158.4	156.4	199.7	193.2	160.3	187.2	200.4	183.3	164.2	168.3	180.8	162.5	193.0	179.3	191.8	205.2	157.5	0.0	195.0	128.3	143.2	146.2	165.7	171.3	176.5	155.9	166.3	147.2	205.0	163.8	172.0	159.7	114.1	161.9	223.5	177.4	180.5	171.5	172.5	194.8	180.5	189.2	170.8	148.5	158.2	200.5	172.9	163.2	187.8	152.6	156.5	156.0	163.8	165.3	171.9	188.1	175.5	140.1	162.7	148.9	124.4	184.7	161.2	133.8	140.9	199.1	213.1	178.9	151.1	149.0	110.5	223.1	199.4	155.6	151.2	166.3	145.0	170.1	171.9	201.3	188.0	205.5	154.7	190.2	182.3	151.5	133.3	138.8	202.2	129.7	180.8	187.9	133.7	188.4	159.5	164.3	170.1	138.6	164.0	125.7	174.6	132.5	173.0	207.4	214.6	194.3	219.1	186.9	144.7	190.5	208.7	174.2	141.6	170.6	167.8	157.1	194.9	166.1	198.2	168.5	194.3	203.8	160.1	201.5	131.5	176.6	167.6	176.8	160.1	180.9	207.8	168.0	200.1	178.0	190.7	212.3	198.3	165.0	155.6	151.5	160.5	162.7	191.6	
172.0	171.0	173.7	161.4	167.2	187.5	151.1	210.8	203.6	199.0	154.5	203.7	201.2	208.0	189.0	140.1	165.2	177.8	208.3	212.6	169.5	221.9	184.8	214.5	195.0	0.0	187.7	146.2	195.4	185.9	200.7	151.0	189.2	203.7	153.8	200.9	174.6	147.9	206.5	189.2	207.4	229.2	224.8	183.4	162.1	179.5	192.5	194.3	157.8	161.2	178.7	223.6	241.2	203.5	160.3	166.1	205.5	213.3	196.6	196.8	212.4	200.0	204.4	193.6	218.5	190.7	167.8	202.2	201.4	198.1	226.1	161.6	197.3	176.3	194.1	211.3	182.4	179.6	174.2	173.1	193.9	174.1	151.7	185.8	208.2	191.7	156.2	146.2	192.0	198.8	226.1	201.9	170.9	169.3	178.3	183.0	187.5	182.5	190.7	182.8	206.2	215.2	224.1	220.9	189.1	211.4	185.7	243.1	148.6	190.7	226.9	200.1	188.3	232.5	180.1	198.0	186.4	167.9	194.0	180.3	204.1	237.8	176.5	190.3	213.9	184.1	201.5	172.8	189.4	222.7	174.4	219.9	178.6	171.1	215.3	183.4	172.0	172.0	202.2	190.7	194.0	210.2	211.1	194.3	178.1	163.9	172.1	213.2	169.6	218.4	
204.3	183.7	161.5	170.3	155.6	184.6	115.1	187.8	200.6	208.2	191.4	174.1	173.5	190.8	223.6	168.0	185.1	202.7	178.8	175.0	197.6	208.8	245.6	151.0	128.3	187.7	0.0	149.3	201.6	180.8	200.5	169.8	172.0	181.3	149.4	242.7	153.5	139.7	177.9	163.7	176.0	182.4	234.6	172.8	186.9	137.1	194.0	185.1	204.6	157.9	182.3	165.6	171.3	201.0	174.9	183.1	177.3	162.3	181.0	176.0	195.6	207.9	152.7	224.1	144.9	165.1	145.5	154.8	166.1	201.8	134.5	195.3	190.9	203.6	179.1	153.7	119.5	177.0	194.3	187.3	126.5	191.4	183.6	193.4	164.1	188.2	174.7	178.7	190.3	182.6	184.1	205.8	161.6	153.3	146.9	209.1	158.7	199.1	182.4	146.2	181.0	191.9	202.9	194.8	156.7	148.9	137.3	167.4	181.1	196.1	204.5	203.6	210.1	217.1	162.9	173.2	202.2	178.1	163.9	191.7	205.3	200.1	159.7	206.6	144.0	198.8	178.0	187.3	187.6	211.1	180.6	165.5	200.4	177.7	163.1	166.6	201.4	173.0	158.5	208.6	217.5	196.6	241.9	237.8	166.2	175.8	141.4	208.0	190.7	186.0	
169.2	162.0	176.8	158.3	164.9	161.8	120.0	166.7	153.2	156.9	158.8	159.8	144.8	180.4	171.5	146.8	140.6	144.3	183.9	165.6	137.5	154.7	185.1	133.8	143.2	146.2	149.3	0.0	186.3	150.8	185.0	129.0	139.7	149.7	128.7	196.6	154.8	144.4	182.9	117.3	143.2	182.9	186.2	143.3	150.9	164.3	163.9	167.0	169.7	163.4	153.9	141.1	176.8	168.5	114.2	143.4	166.0	139.5	146.8	170.8	180.8	151.6	164.5	192.6	169.4	174.0	146.3	129.4	149.5	155.1	142.4	139.0	168.7	191.1	119.6	172.9	134.2	142.4	162.2	176.2	162.8	134.3	128.8	124.7	169.2	152.6	163.4	130.5	152.0	146.9	170.8	139.7	144.4	152.7	141.3	156.7	168.4	133.0	153.2	172.1	139.0	149.8	139.3	158.1	150.8	141.1	136.5	179.3	139.5	173.5	186.9	165.4	150.1	184.3	165.7	130.4	142.6	137.5	157.5	159.2	155.3	186.5	128.9	178.6	154.9	147.6	169.9	124.6	163.7	189.6	172.9	176.0	181.6	161.6	161.5	160.2	183.9	165.7	162.1	135.3	174.2	156.2	176.3	204.4	159.1	124.4	136.1	169.8	156.0	160.6	
181.7	192.1	168.4	177.5	170.6	199.9	173.6	181.7	146.1	218.1	165.4	184.4	177.3	166.9	163.2	165.0	178.9	161.0	187.1	180.4	176.9	210.1	180.1	205.8	146.2	195.4	201.6	186.3	0.0	177.5	167.0	182.2	192.1	172.2	160.6	184.3	178.2	212.2	179.6	157.1	215.9	223.8	180.8	215.2	161.6	190.9	189.8	175.6	155.7	151.2	171.0	182.3	205.8	193.3	173.0	161.0	187.3	180.2	202.1	194.3	137.1	163.1	211.1	163.8	167.0	173.4	169.6	164.8	220.2	127.9	187.1	138.9	193.1	176.3	207.0	149.0	176.7	161.8	188.0	175.3	162.2	178.2	177.6	173.8	215.4	167.0	179.1	194.2	212.1	159.7	193.8	154.9	173.3	161.8	147.2	201.9	140.9	157.6	175.4	142.5	207.3	163.2	154.0	169.8	164.1	195.3	170.9	207.6	178.9	196.4	194.4	195.6	156.8	214.9	188.4	171.0	195.3	196.7	187.6	116.2	187.5	151.3	204.4	173.3	187.5	200.7	182.2	216.8	177.7	148.9	190.7	121.8	193.1	147.5	201.2	148.4	155.7	182.9	161.3	180.6	188.1	175.2	193.0	100.4	187.3	188.8	161.7	167.9	161.7	219.7	
135.1	184.5	137.7	168.5	172.7	193.5	158.5	166.0	178.0	190.1	172.2	188.6	153.3	179.6	165.7	156.1	160.1	161.1	207.7	191.5	194.2	206.5	187.2	189.2	165.7	185.9	180.8	150.8	177.5	0.0	204.5	183.8	209.7	158.5	177.7	219.3	167.8	179.1	154.9	143.0	154.9	177.3	165.0	172.9	205.1	196.3	200.7	116.9	187.2	159.9	161.6	178.1	193.0	158.7	172.5	160.9	180.7	184.4	166.3	142.4	172.1	123.6	161.9	175.0	160.6	170.1	171.5	128.2	140.8	163.4	154.3	175.8	203.3	201.9	198.4	156.3	142.3	189.0	168.6	206.7	174.2	150.3	167.9	191.2	209.9	191.5	192.1	192.7	150.8	188.7	186.5	188.7	163.9	153.6	175.6	183.5	166.2	163.6	179.9	182.7	212.6	156.8	162.8	159.2	171.1	167.8	152.8	197.2	150.5	129.7	171.1	158.4	143.9	177.3	173.1	165.2	133.2	158.5	171.3	201.7	133.9	187.9	206.8	172.7	174.9	173.0	199.4	151.5	149.6	163.3	157.6	144.0	178.4	167.1	215.7	160.5	145.3	195.3	167.0	170.5	163.3	170.7	167.9	173.0	186.1	163.5	154.3	163.3	174.6	215.0	
221.8	185.0	201.1	159.5	215.7	177.2	197.0	220.3	214.1	203.7	143.6	177.6	199.1	222.0	187.1	169.3	182.3	184.7	182.0	192.8	178.0	248.8	183.4	194.0	171.3	200.7	200.5	185.0	167.0	204.5	0.0	213.7	202.2	200.4	160.4	202.4	188.8	211.7	192.7	163.7	214.6	204.1	196.7	231.6	185.2	171.5	135.4	205.8	164.6	175.5	199.6	177.3	207.8	149.5	181.5	195.0	194.9	165.7	150.4	192.6	187.3	181.4	186.0	192.8	187.1	144.0	139.3	174.2	226.4	170.3	193.7	145.2	144.6	174.5	210.5	193.5	167.0	165.0	209.5	180.1	205.6	192.5	202.7	184.3	179.6	160.7	196.4	183.7	214.2	197.1	212.1	192.8	123.2	191.8	195.5	183.2	159.0	195.7	182.0	203.1	192.4	192.5	194.9	211.1	146.1	195.8	190.0	169.7	179.8	183.1	193.5	248.6	181.0	164.1	184.1	189.0	217.2	209.7	180.8	161.9	205.3	190.0	173.5	162.2	175.5	203.8	168.7	230.7	189.4	149.0	172.6	186.6	111.6	178.1	199.9	184.2	202.3	194.7	159.4	196.0	199.7	182.0	180.7	196.1	157.6	192.1	163.9	200.0	186.2	230.5	
158.1	144.7	170.7	185.7	147.0	191.5	148.1	171.2	191.5	143.4	176.2	179.4	159.4	158.7	199.0	170.3	153.4	157.6	199.6	192.2	180.9	172.1	206.1	199.9	176.5	151.0	169.8	129.0	182.2	183.8	213.7	0.0	158.7	169.2	153.9	218.4	159.2	186.5	193.4	172.1	202.9	199.6	235.0	155.9	162.0	161.2	199.6	179.5	206.0	145.0	164.9	175.3	196.4	214.1	157.8	148.3	180.2	181.0	185.4	213.8	181.7	172.5	180.2	238.5	198.9	206.1	178.3	140.5	172.7	180.9	194.8	192.3	199.0	165.9	162.3	151.3	156.2	172.6	164.2	182.9	155.9	166.6	128.5	161.4	206.3	142.1	176.6	112.4	153.4	162.0	203.1	140.7	170.8	180.9	156.4	190.6	189.7	171.1	182.7	159.3	162.3	180.9	189.0	210.4	179.2	163.6	188.2	203.5	185.4	199.7	197.4	205.3	170.2	211.7	183.0	180.0	172.2	156.2	171.5	165.5	172.6	222.7	145.0	215.8	161.4	180.6	167.3	167.0	192.9	221.9	176.2	175.1	200.2	212.9	199.2	158.2	169.2	165.4	185.3	160.9	227.9	174.5	215.7	193.4	206.7	195.1	132.0	198.1	146.1	221.7	
179.3	171.6	192.3	204.3	157.8	203.7	151.3	232.8	196.9	158.2	214.5	168.4	195.8	226.5	206.7	171.4	168.7	175.0	194.9	172.7	174.1	170.6	163.4	177.7	155.9	189.2	172.0	139.7	192.1	209.7	202.2	158.7	0.0	185.5	150.3	192.3	197.2	189.8	230.7	159.5	197.6	197.6	215.8	190.8	171.4	159.5	174.2	192.6	197.3	172.8	154.6	177.2	185.8	188.2	194.3	174.3	195.5	129.9	187.5	198.1	200.6	207.0	211.1	199.5	180.0	208.7	206.0	182.5	210.2	158.1	167.8	187.1	216.5	220.3	177.1	178.5	185.4	150.9	191.1	204.4	167.5	162.9	181.5	144.2	170.4	178.3	185.3	170.8	208.9	132.6	192.6	183.7	147.1	156.0	163.4	190.7	196.8	186.8	188.0	183.3	166.4	161.4	188.4	188.0	206.2	211.1	188.8	204.7	178.1	211.6	246.7	201.4	165.8	216.9	184.8	159.9	205.3	207.1	189.6	181.5	210.2	215.3	191.1	204.8	187.4	169.6	179.4	216.7	219.6	211.4	180.8	201.9	199.5	192.9	125.3	167.1	210.5	166.5	190.3	199.4	215.6	201.7	203.6	197.3	216.2	180.5	150.7	191.6	203.4	184.9	
184.9	189.3	179.8	190.9	171.2	198.4	199.2	178.5	185.5	171.9	188.6	198.5	152.3	171.0	164.2	140.9	152.7	152.3	201.5	151.6	183.0	184.0	218.7	152.3	166.3	203.7	181.3	149.7	172.2	158.5	200.4	169.2	185.5	0.0	198.5	217.0	167.9	195.0	148.7	160.5	191.8	193.8	220.8	175.1	177.5	195.2	200.9	175.6	173.0	166.7	160.5	158.1	180.1	200.1	175.8	151.2	185.9	184.5	180.0	155.4	187.2	177.9	182.5	203.3	184.1	197.8	195.8	157.5	154.2	151.4	174.9	178.3	225.3	191.0	179.7	168.6	145.1	162.6	199.1	176.5	198.8	128.8	183.3	191.3	223.4	183.6	195.1	200.7	184.6	200.8	174.7	177.0	178.8	146.4	159.3	197.9	159.3	150.5	190.7	174.8	191.2	159.3	124.4	200.5	160.9	143.4	182.0	213.2	175.6	222.7	193.5	175.0	152.3	173.3	151.7	144.9	152.4	154.1	169.1	149.4	193.3	203.5	196.9	194.6	131.9	168.3	175.9	162.8	188.4	194.5	172.0	167.0	198.2	152.1	210.3	172.2	146.7	180.2	162.7	145.9	210.2	204.0	207.6	194.0	189.2	194.5	156.1	194.2	194.7	182.9	
183.5	166.6	177.5	170.0	188.6	147.8	110.8	186.7	190.2	185.0	158.4	181.2	203.3	195.0	154.5	160.8	148.6	166.8	169.8	183.8	174.0	210.6	171.1	182.5	147.2	153.8	149.4	128.7	160.6	177.7	160.4	153.9	150.3	198.5	0.0	214.9	175.4	171.4	209.6	160.1	183.8	196.4	172.2	187.3	153.8	153.7	166.7	188.6	151.9	153.9	157.6	154.3	178.3	180.2	160.5	158.4	203.7	124.9	186.0	198.3	174.5	167.3	175.1	186.5	174.4	191.1	139.7	153.9	207.4	172.8	160.5	140.0	172.1	170.9	159.8	145.8	173.0	152.5	194.7	186.9	155.1	167.0	167.4	147.2	172.0	144.6	123.9	106.1	158.4	130.3	200.7	158.8	122.2	158.7	141.7	210.2	144.5	176.9	122.2	140.3	170.2	184.4	167.9	165.7	175.7	191.5	182.0	165.9	179.5	147.9	179.8	182.0	170.0	212.6	184.8	153.2	195.7	181.3	165.3	144.3	188.1	197.5	152.7	186.7	195.6	178.6	136.0	187.8	165.4	192.6	183.4	148.8	178.0	182.7	183.4	137.6	203.2	147.3	166.8	198.3	183.9	183.4	197.1	191.9	155.1	172.1	122.6	194.2	154.4	196.0	
185.6	189.0	196.9	193.2	212.2	228.2	209.2	217.8	187.0	224.6	222.4	188.1	204.2	214.9	212.6	192.9	219.3	176.3	181.2	229.8	156.2	224.8	136.7	232.2	205.0	200.9	242.7	196.6	184.3	219.3	202.4	218.4	192.3	217.0	214.9	0.0	186.8	234.1	246.7	215.1	222.6	256.1	209.0	251.3	144.9	200.0	182.9	185.5	201.2	179.8	219.1	215.2	239.2	172.2	205.0	215.3	151.4	226.6	241.5	209.8	208.1	230.0	216.0	195.0	229.0	165.8	177.9	193.2	240.5	141.8	222.2	188.5	204.1	200.4	195.6	237.1	201.5	203.9	209.3	183.5	210.9	157.4	200.0	186.6	219.5	223.6	259.5	228.0	237.7	209.7	253.9	223.4	209.2	159.1	188.1	186.0	208.3	180.2	226.2	206.3	200.2	209.4	196.6	209.8	216.7	214.6	214.4	251.1	204.5	226.0	251.3	228.9	162.3	246.4	180.5	166.4	185.1	229.8	220.0	190.8	242.5	168.1	215.9	151.9	215.9	245.7	231.5	212.7	205.1	166.3	194.5	228.6	200.8	186.0	211.6	227.0	212.7	229.2	197.9	211.7	132.4	189.9	212.5	179.0	226.3	219.0	192.9	177.6	197.4	250.2	
177.1	153.1	149.2	171.8	183.4	177.6	173.6	165.7	154.3	219.5	190.8	192.7	143.3	151.3	202.4	152.6	162.9	178.1	209.2	183.4	160.0	215.4	200.2	164.9	163.8	174.6	153.5	154.8	178.2	167.8	188.8	159.2	197.2	167.9	175.4	186.8	0.0	197.1	183.0	180.0	197.7	206.1	189.2	141.4	163.5	171.4	186.2	177.2	204.8	157.3	198.0	182.7	201.2	208.3	155.2	179.5	146.1	197.6	190.2	164.0	151.5	172.0	147.5	205.9	211.1	162.0	132.0	133.1	171.3	175.7	159.5	196.1	177.3	138.9	164.8	170.2	111.5	193.3	178.9	148.1	154.0	141.2	168.9	183.1	195.5	221.5	175.4	174.4	206.9	210.9	198.9	157.1	187.1	136.9	179.7	190.3	136.5	123.0	167.4	165.6	195.4	196.9	193.0	193.4	158.5	136.2	142.4	222.4	197.5	214.8	195.8	196.5	156.9	189.6	161.7	166.4	144.6	189.3	210.8	180.3	188.1	161.6	182.6	137.4	136.4	224.4	190.3	174.7	191.4	154.7	173.6	180.6	191.3	188.3	173.7	151.4	145.9	156.3	157.3	193.9	171.6	160.3	219.0	195.7	164.5	198.2	137.3	144.0	175.8	188.2	
207.0	198.5	146.8	134.5	155.0	170.8	164.0	219.0	223.1	205.1	159.9	183.6	182.2	215.6	217.8	174.1	189.7	194.0	171.6	173.2	180.7	188.4	239.0	165.5	172.0	147.9	139.7	144.4	212.2	179.1	211.7	186.5	189.8	195.0	171.4	234.1	197.1	0.0	203.2	177.7	182.7	188.3	223.8	176.3	189.8	129.2	185.5	180.7	193.2	173.7	147.4	182.2	180.1	189.5	170.9	187.7	184.5	192.8	182.5	198.0	217.2	202.5	187.7	176.6	164.6	177.7	175.9	190.0	149.1	196.8	205.5	161.9	165.2	220.9	208.2	206.7	139.5	191.6	174.4	183.6	173.5	215.0	149.9	207.7	197.7	197.8	181.7	198.1	185.9	188.6	184.5	225.6	165.6	182.8	140.7	164.6	218.0	197.2	172.8	168.6	198.1	208.2	194.1	204.4	163.4	182.3	149.7	184.9	134.0	191.6	203.6	191.5	201.6	216.0	164.0	174.2	208.0	163.4	164.2	209.5	183.8	202.6	174.4	187.0	182.5	147.9	210.0	169.7	153.1	228.4	175.3	201.4	200.9	141.5	192.6	181.7	191.5	181.3	164.9	204.8	200.2	207.0	184.3	223.7	192.7	161.8	192.2	211.0	197.7	173.0	
171.7	199.1	176.9	197.4	155.4	224.8	187.3	162.1	178.6	222.2	201.1	182.0	142.4	196.3	172.2	170.1	153.5	168.7	230.0	174.9	223.9	226.5	228.6	170.9	159.7	206.5	177.9	182.9	179.6	154.9	192.7	193.4	230.7	148.7	209.6	246.7	183.0	203.2	0.0	149.7	166.3	218.8	230.3	188.5	226.4	214.3	215.9	150.0	190.7	156.1	173.6	171.9	224.4	170.4	188.6	171.9	193.0	219.4	150.3	140.8	195.7	174.2	204.2	220.1	160.4	194.0	188.6	165.3	189.0	197.8	180.6	198.2	227.6	190.4	220.3	168.7	166.7	176.4	200.8	168.9	216.3	174.4	182.5	199.8	199.3	193.6	220.8	202.7	198.4	213.8	171.0	213.6	195.2	185.5	204.0	205.3	137.1	210.7	202.4	189.3	230.7	179.3	196.4	177.6	166.5	170.5	165.5	191.0	162.6	191.7	191.0	209.5	190.8	184.2	200.6	211.2	196.6	162.8	181.5	165.1	195.4	220.3	196.8	199.4	185.5	219.7	184.9	185.1	202.6	184.4	203.2	151.5	181.6	182.5	229.4	194.8	138.6	216.4	170.2	151.0	211.6	188.5	209.1	200.5	128.8	161.8	183.0	183.3	162.5	211.9	
171.9	173.8	182.5	186.9	157.7	204.7	141.3	186.5	134.2	179.6	149.9	146.5	154.3	199.2	163.7	158.7	159.2	181.8	196.9	156.7	145.1	171.0	191.8	152.3	114.1	189.2	163.7	117.3	157.1	143.0	163.7	172.1	159.5	160.5	160.1	215.1	180.0	177.7	149.7	0.0	147.3	204.5	170.5	175.6	180.2	191.0	184.5	169.9	165.8	169.4	158.3	142.0	213.1	157.0	123.1	168.1	184.5	134.2	119.0	153.2	153.9	148.9	177.1	174.6	139.9	169.2	173.1	145.3	176.7	138.9	140.0	154.3	174.3	208.2	169.8	163.6	153.8	144.2	168.3	184.8	165.7	158.1	155.8	120.6	142.3	138.3	183.4	185.4	175.1	150.5	153.4	144.6	146.8	167.4	168.3	141.2	153.7	170.5	177.7	183.7	153.5	131.4	162.5	146.1	128.9	158.7	106.6	185.3	130.3	175.2	208.9	194.8	163.4	185.3	193.3	171.3	175.7	163.9	166.8	146.1	169.9	179.1	172.8	183.4	163.8	166.7	191.9	163.7	189.4	143.3	169.2	162.2	164.4	163.8	167.9	154.7	186.6	198.5	151.1	139.6	190.7	147.9	165.0	192.5	153.7	118.4	156.7	176.4	162.5	165.4	
135.8	180.9	163.0	201.2	168.4	198.8	158.3	174.6	169.6	205.4	222.1	195.6	166.1	189.1	169.7	188.7	185.8	203.4	216.8	189.5	205.3	235.7	210.0	147.4	161.9	207.4	176.0	143.2	215.9	154.9	214.6	202.9	197.6	191.8	183.8	222.6	197.7	182.7	166.3	147.3	0.0	214.8	212.2	194.8	205.7	209.0	206.9	158.3	196.1	202.7	174.0	153.3	215.0	174.5	152.4	208.5	181.8	207.1	174.1	173.4	242.9	176.8	219.6	219.4	177.9	208.0	195.3	163.8	186.4	164.7	153.4	183.5	216.3	212.5	208.4	159.7	174.4	183.7	195.8	198.4	218.4	170.3	161.3	142.7	171.9	198.1	218.4	193.1	153.2	188.1	178.0	214.1	179.5	151.5	199.4	183.6	184.1	203.4	185.0	177.9	190.4	192.2	180.3	153.8	179.5	193.6	171.0	177.0	170.4	181.2	198.2	228.8	172.9	222.1	223.9	150.2	144.7	157.0	182.3	205.0	184.7	204.4	176.7	202.9	224.1	173.5	183.9	171.2	207.0	197.6	200.9	165.7	224.8	201.3	218.7	203.2	204.8	219.5	166.1	200.9	183.8	180.2	207.7	220.9	158.7	176.9	188.6	163.8	142.3	215.3	
219.9	200.9	161.8	184.4	181.9	144.9	206.4	236.1	243.9	168.0	195.2	201.3	163.0	206.4	224.3	213.8	171.3	182.4	203.2	167.2	230.5	216.7	236.4	200.9	223.5	229.2	182.4	182.9	223.8	177.3	204.1	199.6	197.6	193.8	196.4	256.1	206.1	188.3	218.8	204.5	214.8	0.0	238.7	194.8	230.5	157.8	186.0	163.8	217.2	187.8	175.4	185.5	146.5	189.8	228.2	165.8	228.9	172.4	204.6	189.6	216.1	174.8	190.5	229.5	161.0	198.0	195.8	177.6	150.5	202.1	203.6	215.1	196.9	211.9	229.6	174.5	134.9	245.2	171.6	196.3	167.6	227.0	187.8	242.0	248.4	213.0	210.8	211.9	201.6	230.0	189.9	206.4	171.2	216.9	193.7	196.1	216.2	195.1	189.7	230.3	201.3	173.9	203.1	220.1	207.1	198.0	213.9	166.9	217.8	200.8	185.3	197.3	172.3	118.5	163.1	195.0	206.0	159.8	204.0	235.7	189.5	203.3	217.1	200.2	162.6	161.8	177.3	198.8	171.5	223.2	167.6	202.7	214.2	203.5	184.7	201.4	199.9	157.9	162.4	191.5	229.4	177.8	186.2	217.3	220.1	205.9	152.4	203.3	228.8	230.9	
205.3	221.8	183.7	197.5	245.3	214.7	205.9	230.6	183.5	226.0	201.6	229.1	222.3	237.7	168.5	196.4	184.2	195.4	199.3	206.0	170.3	229.7	180.5	219.9	177.4	224.8	234.6	186.2	180.8	165.0	196.7	235.0	215.8	220.8	172.2	209.0	189.2	223.8	230.3	170.5	212.2	238.7	0.0	221.9	215.9	225.0	192.1	183.2	212.1	203.1	169.4	194.5	222.4	189.2	197.2	222.9	214.2	171.8	215.8	199.9	155.1	173.0	199.0	135.5	205.5	211.4	196.4	168.8	224.5	169.0	207.4	178.2	198.2	228.7	194.9	208.0	201.3	199.9	230.3	209.0	216.5	168.5	201.1	183.2	224.1	226.5	213.2	225.5	219.1	205.7	234.2	183.0	209.2	196.3	205.3	200.2	173.9	177.2	166.3	219.6	231.6	208.5	173.5	179.8	209.9	217.4	180.0	240.1	198.7	188.7	225.6	188.5	158.7	211.3	231.3	175.1	209.8	229.9	229.7	188.9	192.2	153.6	231.7	158.7	221.0	227.0	206.3	206.8	206.0	119.5	224.3	192.8	209.8	196.9	212.9	179.3	205.8	213.8	169.8	226.3	136.7	173.8	153.5	208.1	204.2	203.8	204.9	172.2	206.7	203.0	
