150

22852

409.0	337.0	166.0	891.0	40.0	218.0	366.0	580.0	786.0	648.0	994.0	829.0	319.0	254.0	33.0	747.0	18.0	453.0	438.0	892.0	452.0	243.0	879.0	27.0	440.0	217.0	76.0	585.0	156.0	268.0	660.0	917.0	604.0	825.0	807.0	643.0	394.0	172.0	575.0	179.0	819.0	568.0	360.0	489.0	173.0	392.0	236.0	542.0	196.0	25.0	433.0	647.0	619.0	663.0	26.0	410.0	231.0	101.0	346.0	387.0	720.0	6.0	655.0	324.0	830.0	461.0	318.0	576.0	984.0	892.0	106.0	154.0	811.0	465.0	994.0	984.0	209.0	229.0	877.0	404.0	606.0	310.0	403.0	224.0	972.0	780.0	634.0	203.0	880.0	331.0	941.0	952.0	336.0	595.0	275.0	518.0	407.0	592.0	93.0	390.0	836.0	198.0	895.0	646.0	663.0	888.0	981.0	223.0	469.0	858.0	626.0	74.0	167.0	380.0	649.0	490.0	159.0	634.0	692.0	391.0	965.0	984.0	342.0	300.0	578.0	968.0	817.0	336.0	911.0	261.0	77.0	746.0	459.0	971.0	392.0	473.0	859.0	372.0	695.0	679.0	581.0	672.0	104.0	747.0	404.0	752.0	237.0	914.0	738.0	280.0	

0.0	133.5	106.8	143.0	124.8	143.2	153.5	132.1	112.2	104.2	131.8	56.4	120.1	113.6	105.1	122.3	119.6	122.6	139.8	132.4	150.4	102.8	146.5	105.7	124.4	108.4	60.4	93.1	117.9	85.5	140.9	164.0	120.9	142.6	104.7	100.0	125.0	122.0	132.7	134.1	111.0	115.4	138.5	148.4	138.4	72.3	117.1	88.9	83.0	129.0	138.7	136.3	135.9	135.3	131.6	126.5	138.1	110.7	143.6	112.4	153.9	133.1	132.2	130.9	106.5	131.6	130.9	98.1	139.9	131.1	80.5	79.5	115.6	148.5	137.7	137.3	169.2	142.2	79.1	135.3	147.0	140.0	118.7	163.7	127.8	143.9	152.0	108.3	115.4	138.8	117.3	113.8	140.4	132.3	100.8	137.9	145.4	107.5	112.0	114.0	109.4	136.2	149.3	135.6	109.5	87.8	145.5	139.4	142.0	114.0	121.7	133.2	155.5	122.1	119.0	103.5	140.6	117.2	117.1	111.8	148.4	128.2	130.7	152.0	145.4	119.3	130.6	109.9	88.0	137.7	126.4	102.3	79.1	115.9	65.1	99.8	152.8	178.7	141.6	146.8	97.4	139.9	102.8	150.3	140.0	154.6	88.0	123.1	122.6	138.9	
133.5	0.0	122.7	123.0	157.3	125.6	85.8	123.1	139.0	145.1	127.6	121.5	131.1	154.3	75.4	145.7	133.5	138.5	120.6	109.7	140.8	114.7	152.8	167.2	113.5	147.0	137.8	132.4	141.9	145.7	151.8	129.5	115.8	132.1	122.2	152.6	137.4	145.3	137.1	166.4	121.8	153.2	163.7	142.7	113.7	111.1	129.1	125.7	124.7	132.2	116.4	119.7	125.7	149.0	175.1	148.3	96.2	169.1	126.2	126.0	120.7	139.6	124.8	100.6	138.6	119.1	153.6	122.4	148.5	67.7	142.1	138.9	121.8	163.8	157.6	132.3	157.7	128.8	125.1	114.5	128.1	187.1	146.6	141.4	140.9	169.8	150.2	149.6	166.3	99.4	116.7	127.9	133.6	155.3	107.6	142.3	151.8	110.3	131.6	134.3	84.2	153.5	130.3	160.4	168.7	140.5	109.5	151.4	151.3	163.2	154.3	84.8	174.4	142.6	182.5	117.6	111.1	135.8	137.8	154.3	142.3	113.7	143.6	136.9	106.0	136.5	132.2	158.3	117.5	117.6	158.3	130.1	151.2	150.5	134.1	73.9	107.1	142.2	125.1	99.7	128.1	164.9	133.3	118.6	139.1	111.4	140.9	117.8	152.8	131.4	
106.8	122.7	0.0	119.2	127.2	148.0	128.3	122.5	89.5	92.4	125.0	115.9	118.9	123.4	85.4	100.4	132.1	135.9	114.7	132.4	120.1	144.1	106.3	149.0	100.1	121.2	112.0	111.0	70.9	116.9	138.9	132.9	143.2	107.8	104.1	102.2	131.5	135.0	158.8	129.7	134.2	147.8	164.7	151.3	98.5	109.3	103.5	87.1	94.6	107.5	140.6	123.9	113.3	95.4	146.9	127.2	96.8	101.2	130.4	75.0	113.7	109.0	126.2	111.3	93.3	112.3	109.1	76.3	99.4	103.8	100.7	114.0	131.9	127.5	108.3	104.2	108.1	84.3	99.0	129.0	88.9	112.6	120.4	122.3	130.9	138.6	148.9	103.1	108.5	111.5	119.4	133.5	59.6	80.5	138.8	132.3	149.4	112.1	92.3	126.5	121.8	126.8	126.6	129.0	94.8	66.2	85.2	106.4	98.7	110.0	130.2	125.0	139.3	102.7	141.7	108.0	133.9	118.1	71.6	118.3	142.0	137.7	131.0	131.6	126.6	124.6	151.1	149.8	110.6	128.2	136.1	66.5	106.6	156.3	76.8	97.4	138.9	130.5	126.4	104.3	126.7	118.4	101.6	124.6	117.7	123.3	106.8	115.6	83.2	121.5	
143.0	123.0	119.2	0.0	131.0	164.3	163.2	91.4	139.4	114.7	155.8	104.1	152.3	124.9	136.1	130.3	99.0	138.2	109.8	137.8	86.7	156.4	114.7	149.1	125.5	115.7	166.3	95.0	123.7	159.7	70.9	117.3	104.2	118.7	129.2	114.5	147.7	113.5	101.4	150.6	139.3	145.0	150.8	138.3	109.4	134.8	144.3	119.8	123.6	125.0	163.4	118.0	105.1	151.2	151.9	147.2	102.4	148.5	114.6	130.2	98.8	140.3	92.0	117.8	148.0	119.8	156.9	122.5	133.9	104.2	163.8	150.1	108.5	102.7	157.1	111.9	94.0	127.2	136.7	143.2	103.5	134.1	163.0	108.2	172.1	132.9	142.5	140.5	133.7	121.8	131.8	129.8	130.2	132.6	130.1	142.1	130.1	153.1	94.6	129.4	129.8	116.4	129.2	136.2	140.4	163.4	127.7	111.1	145.7	128.0	99.4	142.7	118.0	122.8	124.4	126.6	155.8	123.0	94.4	155.2	87.3	93.9	109.7	117.3	121.4	159.8	141.8	123.0	120.5	162.6	116.8	129.5	149.3	120.1	124.9	89.9	103.2	77.5	69.9	123.9	144.4	104.6	144.0	100.3	109.9	93.9	133.2	101.1	110.7	71.4	
124.8	157.3	127.2	131.0	0.0	176.0	159.4	162.5	122.9	91.7	140.5	111.1	88.5	98.9	122.9	126.4	141.8	124.8	84.8	133.3	109.9	159.0	104.2	126.0	152.6	126.6	129.9	130.5	87.2	103.9	123.9	114.2	120.7	132.0	149.5	88.7	141.2	109.5	138.9	103.7	109.9	134.5	96.4	74.3	108.4	122.1	139.5	119.9	124.5	163.2	159.1	168.8	127.2	172.1	73.2	119.2	143.0	103.7	125.8	148.6	113.3	113.8	108.1	156.4	142.4	103.4	124.5	143.5	109.7	124.3	154.3	164.5	107.8	156.3	147.9	119.5	158.8	144.7	76.6	123.3	134.6	124.9	141.7	168.9	122.2	148.6	121.7	122.3	112.0	129.3	81.0	111.5	127.6	131.6	168.3	122.3	124.1	124.0	119.8	120.0	146.8	93.8	148.3	92.2	110.9	126.8	143.9	99.6	136.8	118.0	144.9	161.3	117.4	125.0	111.1	109.7	131.5	65.0	118.0	111.1	140.9	101.3	89.1	61.3	133.6	110.1	126.3	104.9	155.9	121.5	94.1	133.2	113.9	128.9	115.2	133.2	154.6	170.3	137.3	179.1	159.9	104.3	126.8	106.7	111.4	144.9	137.9	138.1	85.6	108.5	
143.2	125.6	148.0	164.3	176.0	0.0	105.5	146.3	105.7	191.0	101.6	137.1	161.4	199.9	109.2	152.8	139.1	136.3	163.0	97.8	151.2	128.1	155.1	127.9	84.6	150.4	150.2	167.8	155.9	142.1	160.0	160.1	152.3	165.8	192.9	131.7	146.6	138.5	158.0	152.7	116.4	181.8	145.1	181.0	158.2	92.4	136.7	150.1	172.2	145.5	122.2	106.8	155.2	134.8	191.5	130.2	155.8	167.6	146.7	145.0	128.1	173.6	144.8	115.6	111.2	130.2	177.9	133.6	157.8	135.7	125.4	153.0	176.7	156.4	160.2	154.0	170.0	159.2	123.9	142.8	126.0	205.5	100.3	124.2	142.7	124.7	173.4	122.6	154.7	83.3	150.5	115.7	168.5	176.7	135.7	146.0	149.7	106.1	141.7	112.6	114.1	154.6	79.4	129.8	151.1	152.3	156.9	143.6	156.3	177.7	124.8	166.8	198.1	147.6	157.2	142.4	146.2	155.1	151.7	119.3	169.4	128.8	187.6	157.4	133.3	145.8	90.3	152.6	151.6	129.5	154.8	152.9	117.1	151.6	161.6	123.1	175.3	151.1	135.6	153.3	151.1	203.6	136.5	158.4	153.2	107.9	121.6	158.5	152.6	195.9	
153.5	85.8	128.3	163.2	159.4	105.5	0.0	152.1	135.4	163.2	99.1	154.9	143.0	194.9	68.5	166.5	179.8	164.2	138.7	90.8	152.8	138.6	151.0	163.4	104.3	169.4	148.2	160.4	125.3	130.3	171.9	153.2	155.3	155.0	169.9	156.9	162.5	161.7	185.5	177.6	121.4	200.9	168.9	144.3	129.8	114.2	138.5	143.2	170.2	164.9	142.5	145.0	153.4	151.3	192.1	160.2	141.8	183.3	140.9	157.3	124.2	158.4	152.2	135.4	147.5	129.1	176.0	138.7	148.2	100.0	147.7	174.1	157.7	188.2	148.6	160.4	185.5	155.6	120.8	137.7	125.5	206.6	148.3	161.8	153.1	173.4	183.3	142.5	171.7	92.6	118.6	134.6	138.8	155.8	164.1	138.3	179.4	112.7	149.7	126.1	125.8	168.4	114.8	155.6	171.5	136.0	131.3	140.4	153.6	180.0	177.5	146.3	208.9	149.6	184.2	133.9	114.3	142.7	156.0	138.3	188.5	135.1	174.7	131.1	140.0	151.5	141.4	181.6	164.2	125.3	175.1	149.7	150.9	175.5	156.5	123.9	158.6	163.8	164.8	136.7	178.4	194.9	133.8	140.0	157.9	106.2	149.0	152.0	150.8	178.0	
132.1	123.1	122.5	91.4	162.5	146.3	152.1	0.0	138.0	128.5	135.9	119.8	161.9	168.6	128.9	174.2	120.5	174.7	162.2	143.7	92.5	145.6	154.6	136.7	129.5	155.0	146.5	80.7	148.1	157.1	118.5	147.8	119.1	157.1	126.2	142.9	120.3	93.7	123.0	177.2	142.5	152.3	185.6	154.7	152.5	116.6	158.4	114.4	138.7	145.8	170.9	132.1	104.0	159.2	166.9	176.5	140.9	165.8	113.4	133.2	114.8	138.4	117.2	115.7	131.7	135.3	160.6	93.7	167.1	124.2	137.2	123.1	130.0	106.5	139.9	156.9	120.1	157.2	130.7	158.9	122.9	155.5	161.4	122.9	194.4	131.1	152.6	117.7	147.3	114.9	131.3	159.5	155.2	140.7	111.8	132.6	180.0	149.0	116.8	109.8	140.0	130.5	115.9	164.1	149.0	150.2	135.1	133.7	127.0	128.9	94.8	137.9	158.8	102.8	130.1	118.5	170.9	153.8	103.2	165.8	150.1	99.0	135.9	157.1	142.8	174.7	145.0	152.1	91.2	186.5	131.3	145.7	130.6	148.8	114.4	116.0	160.6	113.1	110.6	110.9	138.8	133.1	144.3	154.0	115.2	108.7	148.8	76.2	122.0	120.8	
112.2	139.0	89.5	139.4	122.9	105.7	135.4	138.0	0.0	133.6	115.1	116.0	124.1	133.0	95.3	106.7	111.9	114.6	133.5	102.0	116.4	145.7	122.5	118.3	79.7	128.5	108.7	148.8	107.9	123.4	151.3	125.6	150.4	113.0	155.2	77.9	110.3	107.5	143.4	79.4	131.5	139.6	124.8	150.0	110.3	101.6	103.3	118.6	112.0	121.9	107.7	126.4	133.1	108.4	127.2	75.2	116.1	85.9	136.1	88.0	90.4	122.6	97.0	119.1	42.3	83.6	121.9	107.4	123.9	118.3	88.7	111.0	161.1	124.7	135.8	111.1	118.8	88.1	80.3	134.9	92.8	149.5	72.0	118.2	103.7	80.0	123.2	77.4	88.2	75.6	109.6	102.7	101.1	123.3	129.5	147.4	127.0	86.8	118.8	123.2	112.9	91.8	105.6	87.0	99.3	95.3	105.3	122.0	106.4	124.5	97.5	133.8	137.0	125.7	131.4	105.1	138.5	106.9	94.9	89.9	143.7	124.6	152.2	122.2	118.9	94.4	87.0	135.5	117.9	100.6	104.0	86.4	71.4	127.7	101.4	113.6	162.2	147.0	103.3	134.9	119.0	150.5	99.4	136.4	98.3	132.6	98.7	137.7	86.4	151.9	
104.2	145.1	92.4	114.7	91.7	191.0	163.2	128.5	133.6	0.0	136.9	108.2	108.4	98.1	121.5	135.2	138.6	144.0	111.1	150.2	113.5	150.4	125.5	137.5	147.1	136.0	125.0	85.3	86.5	111.8	130.5	152.6	127.8	111.8	90.4	117.5	125.2	117.5	134.3	140.2	140.2	132.4	146.9	112.1	126.2	127.9	116.5	78.4	96.0	133.4	160.6	172.2	129.7	141.9	101.3	143.8	118.6	120.2	110.7	125.3	127.0	100.5	127.9	146.9	138.7	112.4	120.7	109.8	125.6	112.9	124.3	124.3	112.7	136.0	113.4	129.6	140.2	130.7	98.0	146.8	132.3	112.5	154.8	165.8	154.1	163.4	149.8	126.5	136.4	141.8	98.7	151.1	99.8	77.4	145.0	130.3	165.5	141.0	121.8	123.3	150.1	112.1	168.9	144.0	115.5	101.8	119.0	124.5	120.3	101.6	145.6	136.5	114.0	113.4	134.7	82.1	126.0	86.0	94.2	134.8	143.0	128.6	103.9	116.7	137.9	136.4	163.5	143.2	114.4	159.8	135.5	119.3	122.0	138.3	73.2	114.9	138.0	161.6	142.6	135.7	141.1	87.5	100.0	127.0	117.1	148.0	138.9	97.3	102.1	96.5	
131.8	127.6	125.0	155.8	140.5	101.6	99.1	135.9	115.1	136.9	0.0	137.5	123.0	185.1	91.0	152.5	149.7	137.4	138.0	113.8	117.0	104.4	148.3	130.0	107.9	148.1	144.0	139.2	122.0	95.7	147.1	162.0	149.9	150.3	166.0	138.7	116.9	115.5	147.5	157.6	107.5	164.2	133.5	151.4	162.5	92.5	111.7	116.9	154.4	133.2	125.0	147.9	150.1	118.2	151.4	133.0	144.2	162.9	83.1	135.2	118.6	141.9	153.2	119.4	121.3	93.0	145.9	121.1	125.7	124.6	109.3	138.7	158.4	130.8	113.7	139.9	163.7	157.3	104.6	135.8	135.6	179.6	111.8	138.6	139.7	157.9	162.1	99.1	163.8	88.5	124.2	138.8	139.5	127.9	147.6	97.5	171.5	93.3	146.8	81.6	124.7	138.9	111.3	123.8	127.5	114.6	145.6	127.7	134.2	133.8	142.2	154.3	168.3	120.7	151.5	88.2	104.9	119.1	139.5	90.7	178.5	122.9	163.0	133.4	117.6	126.0	122.3	160.9	136.2	144.3	164.1	150.5	102.9	163.6	128.0	121.9	171.7	150.8	153.2	123.4	150.2	169.3	103.9	131.5	121.8	108.7	150.5	125.6	133.7	177.9	
56.4	121.5	115.9	104.1	111.1	137.1	154.9	119.8	116.0	108.2	137.5	0.0	121.3	97.8	110.8	104.8	89.0	100.6	113.9	123.0	129.1	101.3	126.1	103.8	118.2	76.1	94.8	83.2	116.7	100.0	97.9	136.7	89.9	132.7	112.4	81.0	131.4	108.5	99.2	124.9	95.0	104.6	115.2	136.0	119.0	74.3	122.8	96.7	84.3	119.7	136.7	109.6	117.0	141.0	127.6	115.7	122.7	112.6	130.7	115.1	135.7	136.8	105.5	115.9	117.8	121.5	135.8	107.3	126.5	118.1	113.9	102.7	88.4	129.0	151.1	113.2	149.2	136.4	88.9	119.9	133.4	131.5	122.7	139.8	125.2	130.6	135.4	114.5	106.1	129.0	116.7	86.2	143.4	141.3	93.6	130.0	107.9	110.5	87.9	107.7	93.1	122.7	132.8	115.3	109.7	120.7	146.2	119.3	149.9	111.2	96.5	133.7	134.6	118.9	97.2	109.6	140.0	106.8	109.5	111.6	107.5	97.0	107.0	129.7	126.6	118.3	112.1	69.4	93.3	129.6	102.2	105.0	94.0	88.1	85.0	76.4	122.8	145.9	105.1	144.6	97.6	122.6	116.6	118.5	125.8	128.3	81.3	116.1	114.0	108.5	
120.1	131.1	118.9	152.3	88.5	161.4	143.0	161.9	124.1	108.4	123.0	121.3	0.0	112.8	106.4	120.3	128.8	104.9	84.0	154.7	126.8	132.0	114.3	140.9	160.1	142.0	126.0	134.5	114.8	111.9	154.5	115.8	104.3	135.3	118.1	120.0	102.4	116.2	132.3	109.5	91.8	102.8	118.3	111.3	134.3	102.1	118.1	94.2	113.2	132.6	118.3	149.0	105.3	150.7	87.2	121.0	128.0	100.2	106.5	118.9	128.9	70.6	141.3	110.6	120.8	106.9	66.5	111.8	101.8	109.7	127.6	143.9	105.0	157.1	116.4	108.7	155.0	137.4	79.2	67.6	141.4	119.3	107.7	150.4	88.8	173.9	112.4	131.8	147.4	121.2	102.0	140.2	123.9	128.8	137.9	93.6	124.7	101.9	119.5	108.0	127.2	111.9	143.6	122.2	98.9	103.9	121.2	119.2	106.0	131.6	159.3	126.1	115.7	99.4	152.6	92.4	99.8	92.0	114.2	124.5	141.9	111.3	86.3	111.1	89.8	93.4	125.9	123.8	138.8	99.0	131.1	137.6	105.3	165.2	116.3	114.6	148.7	175.5	150.5	155.6	121.9	105.2	115.5	120.6	125.5	148.4	146.8	114.5	117.5	122.1	
113.6	154.3	123.4	124.9	98.9	199.9	194.9	168.6	133.0	98.1	185.1	97.8	112.8	0.0	144.6	102.4	111.2	109.6	103.3	163.2	148.0	166.6	128.5	154.3	161.8	122.6	130.4	133.1	125.2	148.7	146.3	133.3	122.9	107.5	109.1	103.1	142.7	140.1	123.6	99.8	150.7	102.7	129.2	132.8	108.5	144.3	128.9	117.0	73.1	133.4	144.3	160.7	136.5	161.6	98.8	113.7	108.8	87.0	156.2	120.3	143.2	116.4	113.2	149.5	136.7	127.4	117.9	139.6	135.9	123.4	146.8	134.4	116.7	159.3	167.1	109.2	144.0	110.5	114.4	133.9	145.3	118.6	145.8	167.9	120.1	157.9	126.8	156.3	123.7	157.9	122.3	130.4	119.6	136.0	134.5	170.3	113.1	145.1	122.7	163.3	136.6	111.6	185.0	136.0	125.8	134.2	127.8	148.6	148.0	133.5	145.6	129.6	95.9	149.3	150.6	123.3	146.7	96.6	110.9	150.3	103.4	138.5	102.3	126.5	131.5	117.5	147.5	116.3	129.2	126.2	116.1	110.0	135.8	120.3	105.4	110.6	119.8	178.1	122.5	168.2	118.7	101.1	130.3	128.6	134.4	176.7	125.0	138.3	123.0	87.9	
105.1	75.4	85.4	136.1	122.9	109.2	68.5	128.9	95.3	121.5	91.0	110.8	106.4	144.6	0.0	122.5	141.2	131.5	112.3	90.4	123.8	100.8	135.0	147.0	91.0	124.1	92.8	128.6	97.8	90.7	145.7	118.5	134.3	132.0	130.8	120.0	127.4	128.3	154.0	140.0	100.7	146.5	145.0	130.7	97.1	81.8	116.0	114.5	108.4	134.5	117.8	125.3	122.7	128.6	148.9	122.1	109.9	133.3	121.2	102.7	109.0	128.3	116.7	109.7	104.4	93.2	127.0	108.3	111.3	90.2	111.0	121.4	122.9	149.9	138.2	114.7	154.0	114.5	82.5	108.3	117.3	163.9	117.7	141.8	109.3	148.7	132.3	94.9	121.8	82.3	91.9	100.6	107.0	132.4	129.0	118.7	146.3	59.8	118.0	115.3	79.0	136.8	109.4	117.0	128.4	82.7	109.3	120.6	131.0	122.3	140.9	102.7	168.0	122.8	150.2	100.8	110.8	114.4	123.0	98.6	160.8	111.6	138.0	115.4	115.6	95.9	118.6	143.2	113.3	94.4	134.4	91.4	104.2	149.3	96.7	92.3	142.7	147.2	131.7	103.1	125.3	155.0	112.6	107.3	111.2	114.1	122.0	128.1	108.8	140.8	
122.3	145.7	100.4	130.3	126.4	152.8	166.5	174.2	106.7	135.2	152.5	104.8	120.3	102.4	122.5	0.0	106.9	72.1	89.1	151.1	147.6	138.2	102.8	161.5	122.1	73.5	142.0	149.7	107.8	130.1	128.8	126.6	140.7	115.7	143.2	86.6	157.0	155.4	141.5	103.4	126.2	127.1	122.9	175.0	108.4	121.1	108.3	123.5	97.6	91.3	124.1	104.5	135.1	105.2	146.6	85.1	98.8	91.0	149.0	86.6	140.8	142.3	136.8	111.8	114.7	120.0	113.6	128.6	76.2	129.6	134.4	140.0	134.7	134.2	157.4	53.2	124.8	91.8	123.8	109.0	123.1	119.7	104.3	116.7	83.7	152.9	141.2	135.8	115.7	137.0	156.1	104.7	106.1	135.4	144.8	148.1	77.6	112.2	97.1	148.7	103.7	138.8	144.2	99.4	90.3	118.0	133.6	118.5	150.5	128.9	133.6	148.8	120.2	139.6	146.2	138.0	139.7	118.4	112.6	104.8	101.9	146.1	133.4	135.7	110.0	100.6	136.8	112.4	141.6	99.8	137.8	85.6	120.2	145.3	119.9	91.3	120.1	136.8	116.1	146.7	115.4	131.9	129.2	99.9	136.7	141.1	100.7	157.2	117.6	132.9	
119.6	133.5	132.1	99.0	141.8	139.1	179.8	120.5	111.9	138.6	149.7	89.0	128.8	111.2	141.2	106.9	0.0	83.5	123.6	149.9	115.4	132.8	130.1	127.1	129.7	113.9	149.1	122.9	153.6	159.0	117.7	126.8	96.6	118.8	128.2	103.2	100.8	97.2	57.2	106.1	128.6	85.9	120.5	163.5	141.3	112.5	117.3	109.9	101.3	87.1	106.7	99.9	111.1	129.7	127.3	101.5	102.4	112.5	116.1	97.1	118.3	122.8	106.0	84.2	101.0	110.3	121.1	109.4	138.8	118.6	123.0	109.1	129.1	95.2	151.0	97.8	100.5	116.8	122.7	118.0	124.0	134.0	101.4	91.3	125.9	118.3	115.1	133.4	136.0	116.2	144.1	126.3	143.7	146.3	75.0	143.2	94.1	127.6	106.7	123.4	106.2	99.2	131.2	123.8	114.4	150.9	128.9	138.9	131.1	134.0	76.8	124.8	91.2	121.2	135.6	110.7	144.7	121.0	97.2	140.3	70.6	104.8	119.9	146.1	84.7	123.9	97.9	102.9	96.3	134.2	113.3	128.7	111.4	113.5	120.9	80.0	118.9	122.8	66.1	134.6	77.8	118.5	125.8	128.3	113.9	131.4	117.1	104.0	130.6	112.9	
122.6	138.5	135.9	138.2	124.8	136.3	164.2	174.7	114.6	144.0	137.4	100.6	104.9	109.6	131.5	72.1	83.5	0.0	91.3	141.8	147.4	125.9	115.8	135.0	129.2	103.2	152.6	153.1	135.0	135.6	136.6	138.3	115.7	110.2	147.8	97.8	129.6	135.8	101.6	90.2	112.2	110.2	77.5	160.0	136.2	111.7	89.7	115.8	113.8	85.0	84.2	113.1	142.0	114.6	126.2	65.7	103.5	108.8	126.3	112.2	135.1	131.6	135.9	103.0	116.6	106.5	119.6	134.0	110.2	117.6	126.2	138.7	137.9	138.8	149.5	82.7	142.5	117.6	115.8	99.2	133.7	146.2	81.5	120.9	74.9	150.7	138.2	148.3	148.3	124.3	146.1	108.9	133.0	144.3	119.1	140.7	68.7	112.4	120.4	128.2	104.0	120.7	145.4	106.3	108.1	140.5	138.3	136.5	148.5	151.7	131.9	143.9	107.8	141.8	154.4	115.0	106.8	97.6	124.9	110.9	88.4	129.9	132.7	130.2	78.3	98.3	102.3	105.4	140.7	94.6	140.6	130.9	117.0	123.6	137.6	83.7	110.2	153.8	114.0	158.2	105.4	140.9	111.0	112.0	140.9	139.4	109.6	142.3	143.5	141.9	
139.8	120.6	114.7	109.8	84.8	163.0	138.7	162.2	133.5	111.1	138.0	113.9	84.0	103.3	112.3	89.1	123.6	91.3	0.0	138.4	119.3	143.8	77.8	155.1	140.0	108.4	156.5	133.0	91.4	125.7	112.1	99.1	102.1	110.2	132.7	104.3	148.7	137.4	128.0	117.2	99.8	134.4	107.2	113.0	94.8	121.7	117.6	111.2	120.8	120.4	133.3	126.3	111.0	141.8	122.1	114.8	99.0	119.0	112.7	127.5	113.5	113.0	125.2	113.8	146.4	106.0	114.7	132.0	75.2	91.7	159.7	169.8	95.0	148.6	140.3	76.5	134.9	120.2	109.7	82.3	115.7	121.2	132.7	130.6	104.8	169.2	132.9	148.8	141.0	121.8	117.3	114.1	107.6	126.5	154.4	113.2	92.0	121.5	98.1	123.5	120.2	121.0	137.6	108.4	113.5	135.3	121.7	94.2	138.0	138.5	153.5	142.6	110.6	121.3	145.7	118.0	102.4	84.5	111.9	123.9	99.8	107.8	87.9	79.0	89.1	113.9	134.5	112.2	156.2	99.4	131.2	127.3	139.3	145.2	133.7	91.3	97.9	132.8	122.5	150.6	146.0	103.5	127.1	65.9	128.2	113.1	132.0	129.5	113.0	95.8	
132.4	109.7	132.4	137.8	133.3	97.8	90.8	143.7	102.0	150.2	113.8	123.0	154.7	163.2	90.4	151.1	149.9	141.8	138.4	0.0	137.2	146.5	144.9	122.8	66.5	147.1	133.8	153.9	118.7	127.7	149.6	149.2	150.0	123.4	176.8	115.2	154.1	134.4	154.3	137.8	132.6	186.5	124.6	124.8	105.8	115.1	123.6	143.8	151.4	159.1	130.5	147.2	164.5	147.8	163.4	117.1	129.9	160.6	145.0	154.7	94.8	163.7	98.0	151.9	128.5	101.0	186.7	148.8	158.9	98.9	135.3	154.5	162.1	168.9	165.0	152.7	171.4	135.1	101.8	159.9	108.7	205.0	135.5	159.6	145.7	113.8	167.5	124.3	134.3	78.8	93.7	86.9	134.4	150.7	147.1	164.6	153.6	113.5	146.8	128.7	119.4	128.0	118.5	121.5	165.4	144.7	131.9	140.4	159.7	166.5	135.3	148.5	184.1	163.7	151.2	120.0	123.1	107.4	143.0	115.0	159.9	118.7	172.9	103.1	143.4	136.1	98.0	152.8	148.3	118.8	133.2	131.2	131.5	102.9	140.4	115.1	144.7	159.1	122.4	150.0	166.9	188.6	113.1	133.1	133.2	111.3	112.9	153.4	131.4	163.9	
150.4	140.8	120.1	86.7	109.9	151.2	152.8	92.5	116.4	113.5	117.0	129.1	126.8	148.0	123.8	147.6	115.4	147.4	119.3	137.2	0.0	152.2	121.0	138.8	133.2	138.7	158.2	114.9	120.4	140.4	97.8	100.7	122.1	139.4	152.7	117.2	111.4	65.0	113.6	137.0	126.2	137.1	140.4	122.5	130.7	124.0	148.4	122.8	137.3	143.7	157.4	142.6	96.9	155.9	118.1	140.5	130.5	137.6	78.3	127.1	70.2	118.2	95.0	118.1	126.0	87.0	130.0	118.9	121.9	120.6	151.8	148.8	126.1	82.6	137.6	115.5	96.6	138.6	113.1	134.3	111.3	132.2	142.0	108.4	159.8	123.4	107.7	96.1	126.4	92.2	110.2	138.9	132.3	129.3	146.8	105.1	146.5	126.7	114.6	102.8	138.7	86.7	104.5	107.2	118.8	143.7	130.1	96.4	114.9	101.0	96.1	146.7	111.5	96.8	112.8	102.9	151.7	113.9	96.3	129.5	136.3	74.5	108.8	101.4	112.4	135.6	121.2	132.6	124.5	156.9	101.5	140.1	116.5	148.6	118.6	124.2	159.4	98.1	94.5	125.2	148.7	103.1	139.9	106.0	58.9	100.9	159.7	96.5	80.7	106.4	
102.8	114.7	144.1	156.4	159.0	128.1	138.6	145.6	145.7	150.4	104.4	101.3	132.0	166.6	100.8	138.2	132.8	125.9	143.8	146.5	152.2	0.0	178.1	158.8	138.0	109.9	120.7	130.4	156.2	96.0	141.8	162.7	137.0	176.6	147.3	151.2	137.7	139.0	133.0	176.4	100.2	123.5	147.8	180.5	167.9	83.6	140.3	133.8	119.6	132.1	131.2	131.2	150.0	146.3	167.1	143.6	146.1	167.5	121.8	123.5	167.2	168.8	161.5	113.0	139.6	128.1	145.0	135.2	133.1	145.4	125.2	112.7	128.0	140.6	168.0	128.1	185.6	167.8	127.3	121.7	179.5	180.9	132.6	155.5	128.0	187.8	149.7	120.9	163.1	138.0	153.0	125.0	172.5	173.9	114.8	118.3	153.7	83.9	142.5	121.5	73.4	173.8	144.8	140.4	140.6	125.3	176.3	156.9	180.1	121.8	144.5	132.0	177.4	143.1	156.5	120.0	138.3	149.3	164.2	108.9	167.9	129.3	154.5	169.7	127.1	113.6	137.3	132.9	106.8	144.4	167.4	137.6	114.3	161.3	116.1	102.2	160.2	164.0	153.1	121.9	103.6	173.5	144.0	125.9	138.9	144.6	149.1	142.1	160.4	168.6	
146.5	152.8	106.3	114.7	104.2	155.1	151.0	154.6	122.5	125.5	148.3	126.1	114.3	128.5	135.0	102.8	130.1	115.8	77.8	144.9	121.0	178.1	0.0	130.5	133.3	125.9	166.3	130.2	80.3	142.6	112.5	119.6	111.3	119.1	146.7	80.6	158.0	136.9	149.2	112.5	111.5	164.0	128.6	128.5	109.8	122.5	125.9	103.5	149.2	127.9	158.8	114.6	102.9	134.1	141.2	130.6	128.1	107.1	133.8	138.4	111.0	112.3	133.6	120.2	136.2	133.8	129.9	111.8	92.8	112.6	154.8	181.3	120.5	148.2	116.8	109.2	117.6	130.9	110.1	110.9	77.8	100.1	126.4	113.2	137.5	140.2	161.7	147.0	129.1	123.0	132.7	130.9	110.7	113.2	168.0	119.9	105.8	149.2	71.6	110.6	156.4	115.1	114.3	115.6	93.9	141.0	122.2	60.4	111.0	154.9	138.5	180.0	124.3	99.1	123.3	137.8	134.9	106.4	81.0	136.5	106.0	118.5	103.9	97.1	119.4	152.2	139.3	116.6	171.7	127.4	123.4	136.9	132.9	150.2	145.2	115.8	130.5	125.6	126.7	174.3	167.9	103.1	126.0	119.4	147.5	100.6	109.1	130.8	94.6	113.8	
105.7	167.2	149.0	149.1	126.0	127.9	163.4	136.7	118.3	137.5	130.0	103.8	140.9	154.3	147.0	161.5	127.1	135.0	155.1	122.8	138.8	158.8	130.5	0.0	130.0	154.0	135.6	119.8	133.9	128.4	141.0	177.0	116.8	147.6	160.4	94.2	126.7	98.1	127.6	124.2	117.9	158.7	113.8	129.7	165.0	96.0	129.0	104.1	158.0	154.1	152.7	150.7	146.6	154.9	130.0	134.7	169.6	133.5	137.9	165.5	131.5	135.7	131.7	149.2	123.1	137.7	167.1	118.1	169.0	139.3	112.1	144.0	150.3	155.8	124.7	171.7	170.9	175.1	85.7	158.6	127.9	161.8	117.6	158.4	162.7	106.9	175.8	129.2	141.3	123.7	117.4	132.7	166.9	139.3	132.3	140.5	152.4	149.1	128.5	81.6	163.1	105.7	128.8	135.6	125.4	148.7	159.1	129.3	129.5	162.4	111.7	185.7	157.1	121.3	104.5	113.2	144.6	109.6	117.9	132.5	149.2	114.4	145.4	135.1	151.7	161.7	103.4	117.9	145.0	160.7	118.8	165.7	96.2	101.2	135.2	135.1	173.5	180.0	141.7	191.9	156.1	153.1	102.1	176.0	154.5	135.7	101.3	124.1	130.0	160.6	
124.4	113.5	100.1	125.5	152.6	84.6	104.3	129.5	79.7	147.1	107.9	118.2	160.1	161.8	91.0	122.1	129.7	129.2	140.0	66.5	133.2	138.0	133.3	130.0	0.0	126.5	135.6	144.3	111.0	131.0	139.7	153.2	156.1	110.2	163.5	104.8	147.8	138.3	151.1	135.1	139.0	178.9	140.7	163.3	110.6	109.2	101.0	128.5	136.1	118.8	120.6	114.9	155.4	96.6	175.6	106.5	107.9	146.1	139.9	117.6	99.4	160.5	111.7	125.0	100.5	102.3	171.3	122.0	139.6	104.4	109.3	130.0	168.0	136.1	146.8	129.6	135.9	105.5	114.1	156.8	85.7	184.0	113.1	120.9	140.9	103.0	170.9	110.8	125.2	79.1	127.5	98.9	110.5	127.9	133.9	160.8	146.4	109.8	126.6	127.2	108.0	133.1	105.8	119.5	140.4	125.7	117.1	131.5	144.5	151.2	112.7	144.9	171.7	148.9	148.5	120.2	130.8	122.6	119.0	105.2	144.5	134.4	177.3	131.1	132.4	135.5	111.3	154.5	128.7	125.8	143.1	103.1	118.9	117.6	125.1	95.8	136.4	127.3	106.6	119.2	145.2	179.3	102.0	131.4	129.3	99.2	91.3	144.4	122.6	163.7	
108.4	147.0	121.2	115.7	126.6	150.4	169.4	155.0	128.5	136.0	148.1	76.1	142.0	122.6	124.1	73.5	113.9	103.2	108.4	147.1	138.7	109.9	125.9	154.0	126.5	0.0	132.4	124.9	116.6	107.0	86.6	133.1	133.9	152.7	153.7	92.1	171.0	145.0	134.9	141.7	109.1	129.8	127.9	174.4	122.0	106.0	142.9	136.0	106.2	123.1	157.9	104.5	135.4	137.7	158.0	118.6	131.5	125.4	147.0	114.1	152.8	171.2	133.3	125.6	139.0	131.9	143.9	139.2	89.7	149.0	149.4	139.3	112.2	122.8	178.1	81.3	147.6	137.4	128.0	125.1	146.7	132.0	135.9	131.2	121.2	156.2	144.7	120.5	105.8	148.0	158.4	84.4	146.7	159.5	145.2	136.5	96.0	112.3	92.4	137.8	94.1	154.9	137.3	95.6	105.0	132.7	171.4	111.3	179.1	103.3	115.8	163.8	145.0	140.3	109.0	146.8	163.8	133.5	133.2	95.3	118.9	127.1	129.8	140.8	137.1	116.9	140.1	82.7	132.2	134.6	127.7	98.8	117.6	133.5	112.3	98.2	137.1	126.8	116.7	149.1	124.1	138.6	151.5	91.0	131.4	131.5	107.7	158.8	117.2	131.8	
60.4	137.8	112.0	166.3	129.9	150.2	148.2	146.5	108.7	125.0	144.0	94.8	126.0	130.4	92.8	142.0	149.1	152.6	156.5	133.8	158.2	120.7	166.3	135.6	135.6	132.4	0.0	126.9	127.6	93.4	168.9	153.7	148.2	165.2	128.8	118.0	136.3	133.6	166.6	141.3	125.1	130.5	161.9	149.7	131.6	89.7	147.7	124.8	93.4	165.4	152.9	156.9	142.1	164.3	140.1	139.8	155.8	114.3	166.7	118.7	157.2	142.8	130.4	150.3	106.3	137.4	134.1	118.9	150.8	144.7	102.3	96.6	130.8	171.5	163.7	150.3	184.8	145.9	79.4	142.5	159.8	159.1	133.1	183.9	127.7	149.4	139.0	98.1	101.3	139.5	109.0	116.3	147.4	157.8	127.4	152.3	162.9	94.8	131.8	139.6	113.1	146.9	152.1	137.3	128.6	79.9	149.8	151.5	149.3	117.1	140.5	127.9	180.1	138.3	135.2	124.1	162.7	136.8	136.4	118.8	181.7	136.8	144.3	156.0	164.1	110.2	136.2	132.0	103.6	129.4	121.4	95.0	85.2	144.5	72.5	129.7	183.7	197.3	156.6	154.5	114.9	160.0	132.2	160.7	135.8	174.2	116.6	148.8	118.2	153.7	
93.1	132.4	111.0	95.0	130.5	167.8	160.4	80.7	148.8	85.3	139.2	83.2	134.5	133.1	128.6	149.7	122.9	153.1	133.0	153.9	114.9	130.4	130.2	119.8	144.3	124.9	126.9	0.0	117.3	120.7	98.5	156.8	93.2	149.1	88.7	122.0	133.1	108.7	119.9	168.6	116.7	134.9	165.1	136.2	146.4	99.2	142.8	76.6	116.7	134.8	175.5	134.2	102.1	152.5	145.0	170.4	140.6	144.7	114.4	135.1	141.3	125.1	134.7	123.1	144.7	144.4	143.2	84.9	141.4	123.6	129.3	121.8	85.7	124.8	120.6	145.0	142.2	162.3	111.6	141.3	134.1	116.6	159.9	145.0	178.1	157.1	162.9	128.2	141.2	143.9	125.7	149.4	146.4	118.3	117.7	112.7	163.3	149.3	91.3	95.5	141.2	136.1	140.5	158.4	121.7	128.8	144.8	114.4	131.8	113.7	118.1	149.3	144.3	87.8	107.5	110.3	152.6	129.8	96.4	151.2	135.0	105.2	100.0	145.8	144.8	166.0	158.8	120.2	99.4	179.1	132.2	137.1	121.3	136.3	90.9	103.0	141.4	137.3	133.8	135.9	133.6	99.0	126.5	141.7	136.3	120.5	125.5	76.1	116.6	98.3	
117.9	141.9	70.9	123.7	87.2	155.9	125.3	148.1	107.9	86.5	122.0	116.7	114.8	125.2	97.8	107.8	153.6	135.0	91.4	118.7	120.4	156.2	80.3	133.9	111.0	116.6	127.6	117.3	0.0	94.6	121.9	135.6	140.6	114.4	136.3	85.5	157.4	138.5	166.6	127.6	118.2	169.0	136.2	118.0	92.2	113.6	114.3	99.6	126.2	137.6	161.2	143.8	129.0	123.3	135.6	128.1	123.8	112.1	131.7	127.8	112.7	123.3	128.0	142.4	129.8	114.4	134.2	113.5	87.7	110.4	131.8	156.3	124.2	149.6	115.8	115.6	140.1	120.4	88.3	133.9	94.4	119.3	136.4	147.5	135.2	145.5	163.6	114.6	109.2	120.2	104.9	116.9	81.5	87.4	171.7	123.6	142.9	124.2	96.6	115.6	142.9	124.6	129.7	109.8	99.2	94.4	118.8	77.5	122.4	121.2	146.2	163.8	145.3	113.6	121.0	116.2	125.1	91.0	95.2	102.5	146.5	129.5	122.7	90.5	141.0	132.0	150.2	135.0	151.7	128.5	129.8	101.7	116.8	144.0	104.1	116.3	142.1	143.6	141.8	149.6	165.6	120.2	104.7	110.4	129.6	114.5	107.6	135.8	76.1	124.5	
85.5	145.7	116.9	159.7	103.9	142.1	130.3	157.1	123.4	111.8	95.7	100.0	111.9	148.7	90.7	130.1	159.0	135.6	125.7	127.7	140.4	96.0	142.6	128.4	131.0	107.0	93.4	120.7	94.6	0.0	134.5	158.1	145.5	164.4	151.2	112.5	149.3	131.9	162.2	151.6	89.7	147.7	128.4	139.6	142.5	79.3	133.6	117.5	124.5	154.7	157.8	155.4	148.7	146.0	135.8	134.9	159.4	135.0	130.3	137.0	152.2	151.2	150.9	147.5	134.6	121.1	138.4	130.1	106.8	145.4	118.6	134.0	122.4	154.9	142.3	133.3	187.5	163.7	82.5	131.6	157.9	152.2	131.8	174.0	124.2	169.5	156.9	93.3	124.0	135.8	117.2	108.7	144.8	139.6	158.7	106.3	155.9	89.0	126.9	104.5	119.7	151.7	139.6	109.1	107.9	86.6	168.5	115.9	158.5	102.1	149.6	163.7	172.1	126.5	116.3	112.6	133.8	113.7	144.0	68.5	179.2	128.0	138.0	129.0	151.5	109.2	140.9	121.7	136.3	136.4	141.6	121.3	88.0	150.6	94.2	127.3	176.1	177.3	166.2	155.8	145.5	153.1	121.2	124.5	133.3	143.0	127.3	149.5	114.3	160.8	
140.9	151.8	138.9	70.9	123.9	160.0	171.9	118.5	151.3	130.5	147.1	97.9	154.5	146.3	145.7	128.8	117.7	136.6	112.1	149.6	97.8	141.8	112.5	141.0	139.7	86.6	168.9	98.5	121.9	134.5	0.0	129.4	110.2	158.1	159.8	106.8	168.8	118.7	117.4	162.2	112.1	151.9	137.3	150.2	135.7	120.8	162.4	132.8	145.3	142.8	184.3	116.0	115.0	162.2	158.1	154.5	145.7	155.1	119.9	150.2	129.4	164.9	123.7	129.8	163.5	136.5	164.9	137.7	114.8	142.5	174.7	168.3	101.2	105.2	166.1	114.7	130.7	165.1	137.7	140.1	131.9	130.0	164.1	119.2	171.6	148.7	154.5	132.2	130.2	140.8	151.1	118.2	161.4	154.1	155.7	117.9	122.7	149.8	87.8	113.0	135.9	139.3	120.6	115.8	124.2	167.7	173.5	86.3	168.8	117.1	103.0	182.7	137.7	119.5	86.1	144.9	170.0	133.5	121.4	132.4	111.9	93.0	110.8	122.8	139.7	161.3	145.2	92.1	145.4	171.8	119.6	145.8	139.4	132.8	135.6	112.8	138.5	89.2	105.5	155.9	159.9	116.2	160.6	96.3	125.0	92.9	135.1	130.0	111.4	107.8	
164.0	129.5	132.9	117.3	114.2	160.1	153.2	147.8	125.6	152.6	162.0	136.7	115.8	133.3	118.5	126.6	126.8	138.3	99.1	149.2	100.7	162.7	119.6	177.0	153.2	133.1	153.7	156.8	135.6	158.1	129.4	0.0	122.7	156.0	163.2	121.5	147.4	122.7	144.4	125.5	119.8	132.6	148.6	131.5	95.4	133.7	172.1	155.2	133.1	163.3	155.3	127.5	86.3	184.1	137.5	137.3	130.8	123.6	139.7	126.2	102.0	130.1	97.4	118.6	135.8	116.4	120.0	144.2	112.2	124.0	181.6	175.0	112.3	144.9	182.2	95.2	124.5	128.8	123.1	94.6	127.7	139.3	145.8	124.6	124.2	148.4	77.0	130.0	115.0	111.2	122.7	118.2	142.0	175.8	158.8	131.0	105.3	115.4	108.8	147.3	118.4	119.9	113.6	103.9	134.0	153.7	134.2	108.7	142.0	134.2	134.0	135.2	134.4	127.2	143.3	148.6	166.1	135.9	123.7	145.8	132.1	89.2	99.4	103.7	112.1	115.0	121.2	120.0	153.0	106.6	92.9	127.6	139.1	168.8	143.8	127.3	155.2	126.5	103.9	153.0	146.6	122.2	175.3	94.5	98.2	129.8	160.6	145.5	97.8	103.2	
120.9	115.8	143.2	104.2	120.7	152.3	155.3	119.1	150.4	127.8	149.9	89.9	104.3	122.9	134.3	140.7	96.6	115.7	102.1	150.0	122.1	137.0	111.3	116.8	156.1	133.9	148.2	93.2	140.6	145.5	110.2	122.7	0.0	144.0	111.1	118.3	123.4	105.1	89.4	139.5	86.6	115.0	129.9	114.7	139.4	97.2	142.2	94.2	131.3	133.8	144.2	112.4	80.3	169.5	130.4	150.5	133.3	136.7	113.2	145.6	129.3	106.7	124.2	98.1	145.5	138.9	131.3	105.5	140.6	102.2	150.4	152.2	69.5	148.0	136.3	131.8	146.4	161.9	107.9	91.3	130.8	129.2	138.5	131.0	147.3	156.2	138.2	155.3	155.6	127.9	120.0	135.4	160.8	151.7	104.1	107.3	114.0	143.2	90.3	92.9	129.7	118.9	127.1	147.2	130.0	158.7	139.2	115.4	129.8	154.6	127.0	141.1	127.6	95.3	128.2	118.1	130.7	117.8	107.9	161.3	96.8	72.5	71.1	124.3	103.1	151.8	120.3	91.5	130.1	139.8	117.3	159.7	131.7	130.0	136.8	91.8	117.6	143.6	118.4	162.6	127.2	102.3	136.3	130.5	144.7	114.3	128.1	86.3	134.5	89.9	
142.6	132.1	107.8	118.7	132.0	165.8	155.0	157.1	113.0	111.8	150.3	132.7	135.3	107.5	132.0	115.7	118.8	110.2	110.2	123.4	139.4	176.6	119.1	147.6	110.2	152.7	165.2	149.1	114.4	164.4	158.1	156.0	144.0	0.0	129.2	116.4	133.5	145.7	128.8	106.5	167.3	158.4	129.1	140.4	109.6	152.3	67.7	107.2	118.2	98.0	107.4	154.9	158.2	105.7	135.0	97.9	61.4	126.9	131.9	121.8	100.8	117.0	116.4	137.4	124.0	97.5	147.6	131.4	145.6	77.2	126.7	142.2	164.4	149.8	131.3	120.9	118.8	75.2	124.8	154.7	92.6	160.3	128.7	140.2	137.0	137.5	166.0	160.8	157.1	115.4	120.8	143.0	71.0	88.6	136.6	177.2	140.4	149.8	141.3	151.7	143.9	102.2	166.8	146.3	144.6	140.3	75.0	151.9	125.7	166.3	147.3	129.2	111.2	155.9	180.3	99.2	98.6	81.1	99.5	148.0	105.2	150.3	152.9	117.0	108.9	139.1	138.5	166.7	139.6	128.1	153.8	123.2	149.6	116.5	131.5	94.4	89.2	152.8	111.5	136.7	144.2	140.1	79.1	132.1	137.5	139.3	119.9	125.6	136.8	126.8	
104.7	122.2	104.1	129.2	149.5	192.9	169.9	126.2	155.2	90.4	166.0	112.4	118.1	109.1	130.8	143.2	128.2	147.8	132.7	176.8	152.7	147.3	146.7	160.4	163.5	153.7	128.8	88.7	136.3	151.2	159.8	163.2	111.1	129.2	0.0	147.9	123.8	144.9	135.2	161.8	148.0	120.4	183.7	152.5	145.2	128.3	126.3	73.8	89.3	119.4	151.4	151.0	116.3	147.0	145.4	167.0	112.7	133.7	136.8	114.2	158.3	97.7	152.7	120.2	139.9	150.8	115.9	87.2	152.7	109.3	122.4	111.1	108.2	158.1	122.2	142.2	146.4	135.1	125.2	132.6	146.1	122.4	157.1	161.2	160.3	185.6	161.6	161.6	166.2	157.8	134.2	174.8	123.8	113.8	106.1	146.8	169.1	154.0	119.4	141.4	141.5	146.4	178.3	186.2	137.4	117.5	110.3	156.8	122.0	142.8	159.6	107.1	137.1	115.3	172.7	110.0	137.3	135.5	101.4	177.6	135.8	144.9	111.5	166.4	132.2	157.0	176.7	156.1	97.4	162.3	161.4	129.2	143.1	162.1	96.0	98.1	124.7	171.9	151.1	128.1	110.6	105.2	121.1	157.7	155.5	162.3	140.1	85.7	145.4	100.7	
100.0	152.6	102.2	114.5	88.7	131.7	156.9	142.9	77.9	117.5	138.7	81.0	120.0	103.1	120.0	86.6	103.2	97.8	104.3	115.2	117.2	151.2	80.6	94.2	104.8	92.1	118.0	122.0	85.5	112.5	106.8	121.5	118.3	116.4	147.9	0.0	139.7	109.3	129.2	77.1	107.8	135.3	98.5	129.6	100.1	96.0	116.7	107.0	114.2	126.4	140.8	114.2	118.9	128.5	116.8	88.5	127.6	73.7	140.6	117.2	107.6	126.8	96.0	128.0	98.2	111.1	130.5	112.5	106.7	123.5	120.3	137.3	124.5	129.6	139.3	103.9	125.5	116.3	77.7	125.7	93.9	114.9	100.0	123.6	114.2	91.1	135.9	103.9	72.4	111.9	113.6	81.7	117.8	124.3	139.5	135.8	90.6	117.1	79.6	110.3	126.4	92.5	112.0	75.0	80.4	118.4	132.2	85.4	124.7	122.2	92.4	163.8	121.6	114.6	83.5	121.1	145.0	90.9	85.6	94.6	108.6	107.6	116.3	100.7	128.7	116.3	99.7	81.0	136.3	112.8	78.8	100.1	84.8	99.5	107.0	107.2	142.4	139.3	100.1	167.1	134.1	119.3	110.4	120.9	119.5	121.3	67.7	136.9	74.0	121.4	
125.0	137.4	131.5	147.7	141.2	146.6	162.5	120.3	110.3	125.2	116.9	131.4	102.4	142.7	127.4	157.0	100.8	129.6	148.7	154.1	111.4	137.7	158.0	126.7	147.8	171.0	136.3	133.1	157.4	149.3	168.8	147.4	123.4	133.5	123.8	139.7	0.0	76.3	101.6	121.3	138.1	98.6	142.7	145.7	167.8	114.1	114.8	98.4	118.2	121.6	101.2	157.0	122.8	140.8	101.7	126.1	128.1	124.9	91.6	109.1	115.0	82.5	129.7	105.1	88.8	96.0	100.1	99.0	158.4	119.2	94.4	98.1	151.8	120.8	114.7	139.8	132.1	136.3	101.8	128.6	141.1	152.9	100.2	134.4	135.4	140.2	113.9	118.4	161.3	102.7	115.2	165.5	140.3	129.4	93.3	127.6	161.1	118.0	147.7	109.7	134.8	89.8	142.9	146.9	124.5	123.7	113.6	157.9	89.9	135.2	121.8	108.3	113.7	108.5	162.7	65.1	124.8	117.2	107.9	145.3	149.9	116.3	133.6	150.8	94.0	119.9	110.0	154.9	93.3	144.9	136.3	150.4	96.2	154.0	111.9	120.0	166.5	168.8	128.1	128.2	96.7	130.2	105.2	159.9	105.2	154.7	157.8	81.4	134.8	143.3	
122.0	145.3	135.0	113.5	109.5	138.5	161.7	93.7	107.5	117.5	115.5	108.5	116.2	140.1	128.3	155.4	97.2	135.8	137.4	134.4	65.0	139.0	136.9	98.1	138.3	145.0	133.6	108.7	138.5	131.9	118.7	122.7	105.1	145.7	144.9	109.3	76.3	0.0	90.5	120.4	115.0	110.7	122.8	117.6	150.0	101.2	141.3	109.8	129.1	144.9	140.8	145.9	103.5	161.1	93.5	130.0	144.8	124.6	87.2	130.1	91.8	107.7	94.6	118.5	106.5	93.4	125.2	109.2	146.1	127.0	124.4	122.6	126.4	99.0	132.6	135.2	125.3	151.8	88.7	132.6	128.4	139.7	120.0	126.4	150.2	107.8	102.4	91.1	126.2	95.2	98.8	135.0	152.8	139.3	115.2	109.0	144.0	119.8	122.2	84.9	135.6	69.1	111.7	112.4	114.7	138.6	138.8	118.9	108.7	110.1	80.6	141.4	113.4	94.4	102.8	85.4	147.8	107.5	100.9	127.4	138.8	66.7	109.3	118.1	114.3	127.6	91.4	115.0	105.4	152.6	86.5	148.1	85.5	126.3	109.2	124.3	169.6	140.3	102.4	145.0	124.7	113.1	124.6	137.6	77.9	125.5	145.8	86.8	98.1	120.9	
132.7	137.1	158.8	101.4	138.9	158.0	185.5	123.0	143.4	134.3	147.5	99.2	132.3	123.6	154.0	141.5	57.2	101.6	128.0	154.3	113.6	133.0	149.2	127.6	151.1	134.9	166.6	119.9	166.6	162.2	117.4	144.4	89.4	128.8	135.2	129.2	101.6	90.5	0.0	132.0	132.9	94.8	113.3	148.5	160.9	126.0	128.4	116.6	121.6	111.9	120.2	136.0	128.8	155.4	119.2	124.0	118.5	146.5	96.9	134.7	124.7	130.4	115.6	109.8	137.4	110.9	142.4	132.6	158.0	120.5	142.7	127.2	127.5	108.2	156.9	124.1	130.9	149.2	131.8	133.0	147.8	156.1	132.0	124.7	149.2	144.1	127.2	150.7	166.0	127.8	139.1	142.3	164.2	154.0	86.4	141.3	121.7	144.2	134.2	119.9	124.6	103.1	152.2	141.4	141.7	171.9	148.0	153.6	149.4	143.6	102.5	133.2	94.7	133.9	145.2	100.4	135.7	113.8	122.7	153.5	88.1	97.6	119.5	141.9	92.0	139.7	109.1	114.8	108.0	156.9	129.5	161.8	132.1	109.8	135.1	94.2	119.4	139.4	90.3	145.2	105.3	123.3	130.4	130.3	119.4	136.8	146.7	95.6	151.0	114.4	
134.1	166.4	129.7	150.6	103.7	152.7	177.6	177.2	79.4	140.2	157.6	124.9	109.5	99.8	140.0	103.4	106.1	90.2	117.2	137.8	137.0	176.4	112.5	124.2	135.1	141.7	141.3	168.6	127.6	151.6	162.2	125.5	139.5	106.5	161.8	77.1	121.3	120.4	132.0	0.0	141.5	125.7	94.3	138.1	120.6	132.3	112.4	128.0	121.3	132.3	110.6	149.0	141.8	141.7	94.3	62.4	124.4	64.0	150.3	120.1	110.3	111.2	106.8	138.7	91.5	102.4	116.5	137.5	133.8	127.6	127.4	146.2	159.9	152.4	152.1	112.2	133.0	103.9	94.7	129.0	116.5	140.6	85.2	140.5	91.2	107.9	119.6	133.3	114.1	115.2	119.0	118.0	119.8	139.5	143.8	163.4	96.5	124.6	130.8	143.4	141.7	73.9	146.0	95.7	107.1	134.5	120.1	136.0	118.9	153.1	125.7	151.9	103.2	143.2	145.8	119.6	137.9	89.3	106.4	122.5	118.9	132.8	135.3	113.1	113.8	100.3	92.3	122.6	151.5	93.6	101.1	124.2	104.8	123.2	133.4	128.1	153.7	175.0	113.3	180.8	130.8	135.8	113.9	142.9	124.5	161.8	114.7	150.9	110.9	141.3	
111.0	121.8	134.2	139.3	109.9	116.4	121.4	142.5	131.5	140.2	107.5	95.0	91.8	150.7	100.7	126.2	128.6	112.2	99.8	132.6	126.2	100.2	111.5	117.9	139.0	109.1	125.1	116.7	118.2	89.7	112.1	119.8	86.6	167.3	148.0	107.8	138.1	115.0	132.9	141.5	0.0	131.8	116.4	127.6	139.3	54.9	143.2	111.9	140.7	144.9	144.1	106.4	99.1	158.0	139.8	138.2	153.7	134.0	115.4	140.6	136.6	131.6	141.2	102.2	134.9	129.3	126.3	114.2	101.9	125.5	140.3	156.1	85.5	150.8	138.1	120.4	169.1	169.0	87.3	72.6	139.6	139.3	116.3	135.4	116.8	161.4	138.0	119.2	136.2	116.2	121.8	105.0	161.4	159.8	136.8	67.8	113.0	96.9	91.6	72.1	109.2	140.1	96.2	108.3	105.6	128.7	160.4	88.7	142.1	134.5	134.8	159.2	158.9	94.2	110.7	124.1	128.1	121.6	130.7	107.8	142.7	81.5	100.7	118.0	114.0	121.8	110.3	83.9	144.9	116.2	122.6	145.9	100.3	151.2	131.3	107.8	154.6	149.3	142.7	163.3	136.8	135.0	138.1	114.1	139.0	106.1	123.8	127.8	119.6	138.0	
115.4	153.2	147.8	145.0	134.5	181.8	200.9	152.3	139.6	132.4	164.2	104.6	102.8	102.7	146.5	127.1	85.9	110.2	134.4	186.5	137.1	123.5	164.0	158.7	178.9	129.8	130.5	134.9	169.0	147.7	151.9	132.6	115.0	158.4	120.4	135.3	98.6	110.7	94.8	125.7	131.8	0.0	140.2	165.8	163.3	122.5	147.7	124.5	83.0	128.6	128.8	149.1	119.9	168.5	102.5	128.0	135.9	110.2	129.6	104.2	158.0	118.7	137.5	114.7	122.3	126.6	86.9	129.4	141.6	149.6	135.5	106.1	118.3	128.6	168.6	110.3	148.1	145.2	123.6	110.1	176.9	129.1	125.4	149.3	115.2	171.1	87.2	137.1	146.9	153.1	146.5	150.1	164.0	168.2	99.9	138.5	123.5	120.4	134.7	144.8	115.1	124.9	170.3	138.9	117.9	137.2	155.6	162.2	147.2	114.5	128.7	115.8	101.4	129.6	153.0	115.8	159.1	134.7	131.0	147.7	128.8	123.4	106.1	164.2	108.6	101.8	131.8	112.4	97.8	140.7	126.6	137.5	110.8	156.2	108.2	117.3	159.3	175.1	128.3	151.2	63.7	113.3	151.0	140.4	117.9	180.9	159.0	122.5	142.3	121.4	
138.5	163.7	164.7	150.8	96.4	145.1	168.9	185.6	124.8	146.9	133.5	115.2	118.3	129.2	145.0	122.9	120.5	77.5	107.2	124.6	140.4	147.8	128.6	113.8	140.7	127.9	161.9	165.1	136.2	128.4	137.3	148.6	129.9	129.1	183.7	98.5	142.7	122.8	113.3	94.3	116.4	140.2	0.0	128.4	145.9	125.2	118.6	139.4	147.9	143.0	120.1	158.0	165.2	156.1	106.0	79.5	143.7	131.1	128.7	160.0	126.9	149.0	126.8	150.9	142.3	100.6	154.8	165.8	134.9	134.4	150.0	167.8	151.3	157.0	165.4	124.4	173.2	154.3	107.4	133.9	147.7	172.8	112.4	158.8	107.7	143.2	145.7	146.3	149.9	125.4	125.7	101.9	157.4	158.8	154.1	146.7	100.6	126.2	147.9	123.9	137.3	106.5	151.8	91.0	131.4	162.1	165.7	137.5	165.8	158.9	139.6	175.6	125.1	159.1	139.0	116.5	116.0	74.8	148.1	103.2	125.2	119.5	141.9	99.6	116.0	111.4	89.5	107.4	167.6	116.0	128.0	160.8	122.1	104.9	153.6	125.8	145.0	176.6	130.2	191.0	152.9	156.7	119.7	121.1	137.6	146.2	131.2	158.9	141.9	156.9	
148.4	142.7	151.3	138.3	74.3	181.0	144.3	154.7	150.0	112.1	151.4	136.0	111.3	132.8	130.7	175.0	163.5	160.0	113.0	124.8	122.5	180.5	128.5	129.7	163.3	174.4	149.7	136.2	118.0	139.6	150.2	131.5	114.7	140.4	152.5	129.6	145.7	117.6	148.5	138.1	127.6	165.8	128.4	0.0	121.0	138.5	156.4	129.6	155.9	188.8	170.0	187.2	135.1	199.3	105.6	156.6	154.9	149.0	133.1	181.3	109.0	115.4	111.2	169.9	165.9	123.3	159.6	152.8	159.3	107.0	172.1	184.9	118.8	187.5	152.4	164.5	179.9	168.4	92.6	142.9	137.3	166.1	170.1	189.3	162.0	159.4	147.9	154.1	152.5	126.5	55.4	139.9	147.9	146.4	170.0	140.1	161.2	151.9	144.9	124.8	167.8	104.3	155.9	143.4	160.8	158.1	138.8	128.4	139.6	163.5	167.3	159.3	151.3	138.6	145.1	115.6	128.2	85.2	134.2	158.2	159.3	97.5	106.5	66.8	146.5	151.5	135.0	142.0	168.7	141.9	116.0	168.4	148.6	134.7	145.0	144.8	156.4	186.7	151.9	188.1	184.9	130.8	135.4	138.7	136.6	143.8	159.1	129.1	121.5	115.2	
