150

15830

200.0	106.0	696.0	712.0	933.0	700.0	494.0	66.0	645.0	833.0	441.0	820.0	532.0	215.0	828.0	991.0	359.0	120.0	403.0	115.0	346.0	848.0	250.0	698.0	574.0	712.0	110.0	67.0	873.0	807.0	670.0	424.0	264.0	365.0	136.0	196.0	65.0	981.0	614.0	61.0	814.0	54.0	880.0	697.0	621.0	59.0	39.0	979.0	530.0	793.0	445.0	875.0	640.0	694.0	573.0	565.0	757.0	34.0	984.0	629.0	192.0	653.0	53.0	455.0	17.0	540.0	3.0	433.0	520.0	968.0	845.0	685.0	373.0	724.0	733.0	993.0	135.0	771.0	323.0	664.0	915.0	767.0	891.0	554.0	812.0	463.0	471.0	568.0	496.0	806.0	549.0	688.0	458.0	953.0	494.0	826.0	492.0	848.0	611.0	363.0	815.0	455.0	400.0	188.0	531.0	484.0	532.0	17.0	607.0	855.0	680.0	521.0	621.0	570.0	427.0	785.0	384.0	897.0	352.0	232.0	54.0	252.0	271.0	511.0	204.0	764.0	688.0	47.0	964.0	650.0	762.0	778.0	457.0	161.0	317.0	987.0	996.0	849.0	3.0	602.0	703.0	34.0	123.0	675.0	604.0	549.0	459.0	339.0	797.0	163.0	

0.0	98.9	107.1	92.3	101.2	82.0	74.4	95.8	85.8	85.2	89.9	66.0	132.2	110.8	79.2	63.9	93.1	128.6	110.6	97.6	62.4	97.0	98.9	96.6	91.7	71.2	106.5	64.5	49.3	100.8	90.8	80.2	102.1	77.2	113.9	102.0	93.9	82.6	98.3	108.0	58.8	107.0	84.4	127.9	126.4	74.1	61.7	83.8	96.9	80.8	59.9	36.2	101.3	84.9	52.8	93.4	109.8	84.4	64.3	109.9	120.5	108.4	137.0	72.6	133.2	78.3	120.0	89.9	110.5	88.6	52.1	98.8	76.6	130.4	132.2	134.5	138.8	62.4	143.5	113.5	73.0	132.3	93.3	68.2	70.5	110.7	88.2	62.8	71.1	97.8	75.8	69.5	99.2	90.3	100.0	112.6	117.0	109.5	107.9	73.8	77.8	92.4	85.4	101.8	99.0	84.7	91.5	56.9	83.8	134.6	100.5	97.7	122.8	87.8	110.6	84.5	99.9	96.1	125.0	77.3	115.4	100.6	122.3	54.7	48.7	109.4	145.9	89.9	66.9	110.8	55.4	111.7	54.8	77.1	147.5	117.9	57.4	117.4	44.1	98.3	96.2	145.6	66.0	100.6	142.5	123.7	98.9	27.2	123.4	116.0	
98.9	0.0	131.5	88.8	71.0	93.6	113.5	104.9	78.4	114.4	102.4	85.5	103.1	88.4	51.6	83.8	132.2	149.2	112.3	112.0	54.3	105.4	104.2	99.0	60.9	98.9	125.1	55.9	95.6	109.6	98.2	75.1	88.1	81.3	42.2	98.3	121.9	105.4	116.2	103.9	94.2	115.6	120.3	113.9	132.9	61.7	112.8	57.6	91.0	46.8	82.0	81.7	142.3	99.5	108.9	125.8	93.9	72.8	84.5	105.9	140.3	109.0	84.1	124.5	114.8	44.1	99.9	109.8	139.8	75.8	108.5	54.7	82.2	100.2	119.9	96.8	95.6	52.0	131.3	127.9	89.5	155.4	131.1	98.4	67.4	123.1	99.8	84.7	50.9	137.4	50.0	136.1	127.5	122.0	81.8	124.0	105.7	108.1	111.5	59.4	140.9	129.8	112.7	98.0	88.7	113.6	33.5	94.5	52.3	112.4	112.2	123.1	140.2	125.3	115.7	76.9	37.5	112.1	132.4	96.0	95.8	144.7	106.4	115.0	97.8	151.5	124.0	95.9	128.2	61.5	83.1	125.3	63.9	80.6	109.2	84.8	123.9	128.6	117.1	76.3	108.9	106.5	124.0	95.1	113.1	110.0	108.4	112.0	73.7	107.4	
107.1	131.5	0.0	94.4	83.8	69.7	121.0	41.0	67.3	90.8	54.5	107.4	111.0	85.1	125.7	79.1	72.2	98.5	51.7	70.9	84.7	130.9	136.3	88.2	108.8	95.7	139.7	86.0	111.9	100.1	100.3	91.8	121.7	74.3	130.6	52.4	27.3	109.9	59.0	122.3	99.1	104.4	74.1	83.2	135.2	136.3	104.4	83.2	123.9	120.2	96.7	94.7	63.3	122.4	94.8	81.4	82.9	104.5	84.4	112.1	69.5	114.1	136.5	76.9	72.4	133.5	86.0	64.5	87.9	97.0	67.7	118.3	79.8	102.4	67.9	84.0	95.7	100.7	65.9	105.9	93.2	93.4	90.8	52.2	120.5	58.3	47.4	124.6	103.9	91.3	109.1	87.3	81.0	46.5	71.2	65.7	101.8	151.7	75.1	112.2	81.8	69.8	102.7	137.8	107.7	74.4	131.6	110.6	104.7	86.4	42.0	109.1	57.4	99.9	116.9	113.2	119.8	76.2	87.4	109.7	83.3	55.1	83.8	75.3	96.3	57.2	93.5	88.9	90.0	124.2	97.6	69.4	110.0	68.4	108.9	85.1	91.1	124.2	102.3	103.8	138.1	126.7	100.9	43.3	102.0	122.5	110.9	107.7	95.9	110.7	
92.3	88.8	94.4	0.0	99.3	88.9	55.2	84.4	63.9	80.9	84.2	43.9	73.9	97.6	103.5	48.5	99.3	78.2	74.7	104.8	53.8	59.1	60.8	83.5	65.0	40.6	72.1	79.8	57.9	59.0	70.4	91.5	46.4	61.4	79.7	81.8	76.2	37.9	61.7	44.4	55.3	62.1	65.4	79.2	92.3	75.0	65.7	47.5	63.9	103.7	93.5	65.8	87.7	47.6	79.1	109.0	56.4	83.4	54.2	61.6	70.6	37.9	83.2	91.1	73.7	77.8	95.4	96.7	111.8	24.2	72.0	63.4	51.4	78.1	76.2	67.5	105.7	89.5	84.5	104.1	90.3	72.8	52.2	59.7	91.9	69.5	88.7	70.8	64.5	69.9	89.2	97.1	72.8	84.2	51.2	60.6	96.4	71.1	89.9	58.2	87.7	63.5	42.8	80.4	86.4	94.4	104.4	65.9	41.2	81.2	94.5	86.9	83.6	60.1	68.9	56.6	81.7	109.4	61.7	71.6	47.1	85.5	61.8	82.5	81.3	94.6	74.7	41.3	77.3	46.7	51.9	96.3	82.1	84.2	77.6	64.1	73.6	54.7	80.4	64.0	79.4	89.2	76.1	85.1	81.5	61.1	30.8	88.6	80.3	62.5	
101.2	71.0	83.8	99.3	0.0	68.3	129.6	67.6	61.5	99.2	78.6	98.8	102.1	67.9	62.0	74.7	93.1	145.6	72.2	90.4	56.9	136.0	124.7	91.1	84.4	102.2	154.5	39.9	114.4	104.1	87.6	69.0	108.3	59.4	73.7	56.4	86.6	117.1	102.4	120.7	98.0	128.0	114.7	84.2	147.4	106.8	124.8	59.7	120.4	67.1	69.1	87.2	105.8	128.0	96.6	102.3	95.2	91.0	82.0	120.3	112.9	121.4	117.1	92.7	87.0	91.5	86.3	74.0	100.9	94.6	94.1	92.4	86.6	84.1	99.5	78.8	56.3	48.4	95.1	103.3	87.3	143.1	124.9	72.4	90.8	90.2	44.7	105.0	75.2	121.3	49.4	111.3	121.7	97.0	67.8	97.4	99.4	137.6	84.7	90.8	117.8	118.2	124.3	128.6	104.3	79.0	75.2	104.3	79.5	105.0	66.0	125.4	117.7	127.7	118.3	88.9	74.5	90.3	127.9	92.7	95.2	115.0	103.6	102.8	99.6	125.9	117.7	104.6	115.6	97.3	87.1	105.9	79.1	60.7	112.5	67.3	118.1	135.7	112.0	94.8	135.5	124.6	129.4	48.4	112.7	120.8	123.5	116.6	51.2	119.0	
82.0	93.6	69.7	88.9	68.3	0.0	107.8	69.0	29.9	116.1	57.8	90.6	131.3	94.7	96.4	80.5	108.2	126.1	63.2	56.3	60.2	122.7	123.6	105.6	58.9	98.2	120.4	61.0	95.1	120.2	113.0	86.1	96.6	52.3	100.3	81.9	55.4	108.2	76.4	127.2	99.0	87.5	74.1	115.7	153.2	111.6	92.3	73.1	118.2	89.5	93.1	59.2	97.8	107.8	81.2	108.9	70.0	66.6	89.4	123.1	111.1	100.8	126.8	95.0	79.4	107.0	98.1	94.2	127.2	83.7	51.7	77.3	52.6	122.5	77.6	94.1	110.8	70.2	95.7	136.9	31.1	130.1	109.1	47.8	103.6	100.4	55.5	113.3	55.7	103.7	71.9	86.4	102.0	66.0	83.6	101.8	121.8	144.2	109.4	94.6	91.0	95.2	89.3	135.9	65.2	49.6	91.8	107.7	72.9	94.4	80.3	129.4	90.1	117.0	136.4	85.6	97.3	45.8	111.0	106.6	76.3	103.9	95.2	53.3	94.0	98.0	110.5	69.4	82.7	98.6	83.9	94.5	92.9	36.3	120.1	71.1	78.5	131.8	94.7	61.2	139.0	126.6	84.5	52.6	116.5	98.5	114.0	94.3	96.6	124.9	
74.4	113.5	121.0	55.2	129.6	107.8	0.0	117.4	95.2	91.4	114.0	34.6	115.8	135.3	113.2	63.6	107.2	103.0	105.9	129.8	77.3	66.8	46.6	112.9	90.1	41.2	67.5	99.6	37.2	77.5	83.6	116.3	58.8	80.5	108.3	117.8	99.9	29.5	93.8	63.0	50.2	84.5	80.1	117.2	110.5	78.9	54.9	86.9	84.9	122.2	102.4	58.9	93.5	49.3	61.0	126.5	99.9	106.8	70.7	92.3	94.6	52.9	125.9	87.5	116.6	88.6	136.5	119.8	123.0	66.5	72.3	93.7	78.8	117.8	121.3	120.2	148.7	103.5	127.5	118.1	101.0	94.1	51.6	75.8	104.1	99.5	112.1	59.8	83.2	61.8	102.5	79.4	94.7	107.2	96.8	91.0	130.3	61.6	121.5	78.6	71.9	80.2	43.2	93.7	110.7	100.3	124.7	55.5	71.9	129.1	125.0	100.0	116.4	63.0	84.6	62.3	114.3	130.8	98.4	67.3	95.8	99.0	109.8	79.6	82.7	112.0	125.4	69.9	55.5	83.4	46.9	127.8	90.1	109.8	130.3	105.7	50.9	56.5	51.1	93.8	82.0	134.9	62.9	121.0	131.4	79.3	49.8	67.6	123.4	97.3	
95.8	104.9	41.0	84.4	67.6	69.0	117.4	0.0	59.5	75.9	28.9	100.1	88.7	45.4	104.8	67.7	77.0	91.1	69.0	53.4	64.6	109.9	131.0	52.5	95.0	87.9	127.8	63.9	98.4	90.0	89.7	54.2	117.8	75.0	113.4	28.9	48.5	103.4	49.7	109.3	87.0	95.5	69.4	76.8	109.7	109.3	92.7	57.8	95.4	88.0	72.9	86.1	86.5	105.9	99.3	54.6	68.3	77.5	63.5	86.0	83.1	114.5	104.7	84.5	81.9	106.1	48.0	39.4	87.9	78.3	68.7	97.2	64.2	88.2	68.2	74.2	76.8	78.2	79.7	95.7	85.1	99.0	94.4	57.3	86.9	63.7	51.4	107.4	85.8	106.9	94.4	103.4	65.2	39.6	47.8	72.9	65.4	139.2	47.8	83.0	100.0	66.0	99.3	108.0	88.4	90.2	100.6	95.3	87.6	66.6	20.1	84.0	60.5	88.9	102.8	108.8	85.6	65.0	79.2	104.5	73.6	64.4	63.4	76.4	72.4	64.0	81.3	79.9	102.2	107.4	89.7	43.0	82.0	46.9	86.3	83.5	97.4	124.3	102.8	89.1	112.9	97.0	96.9	29.1	77.0	125.9	100.0	95.8	79.3	85.0	
85.8	78.4	67.3	63.9	61.5	29.9	95.2	59.5	0.0	102.5	51.9	75.4	105.4	80.5	90.3	64.7	102.2	108.2	51.0	61.5	43.4	103.2	105.7	89.8	42.8	81.2	105.8	53.8	84.4	99.7	96.1	76.5	76.6	40.8	80.3	67.3	51.1	89.8	61.1	103.2	85.2	72.1	65.6	94.4	132.7	96.3	84.2	49.0	97.7	83.2	87.3	57.0	92.0	89.8	80.4	103.4	46.5	58.4	73.3	100.3	94.2	80.1	101.5	92.4	59.1	91.4	82.1	86.5	118.8	58.4	54.7	57.3	35.6	98.6	58.3	67.1	92.7	66.0	77.0	123.0	44.4	111.3	93.6	40.5	93.2	83.2	53.7	99.9	43.1	93.7	66.3	91.6	88.1	62.6	58.8	82.7	104.3	123.9	94.0	76.0	91.5	82.2	74.4	116.4	58.2	59.5	83.7	95.0	49.7	73.1	72.7	114.1	77.9	101.0	114.9	70.3	78.4	58.7	89.7	93.9	49.4	95.2	71.0	61.2	87.3	92.5	85.6	50.1	82.4	72.5	71.4	84.6	83.4	36.0	93.0	47.6	78.5	110.9	92.6	43.8	120.9	102.4	82.3	43.2	91.9	79.8	91.4	94.2	74.2	101.0	
85.2	114.4	90.8	80.9	99.2	116.1	91.4	75.9	102.5	0.0	92.2	77.1	71.5	84.6	97.3	46.3	46.9	97.8	100.7	117.1	74.1	93.4	96.6	57.0	122.1	53.5	126.8	79.1	77.4	40.1	40.5	74.5	111.9	88.5	116.0	64.1	91.4	71.2	87.0	72.2	45.1	121.8	95.9	67.6	79.3	89.3	88.9	71.1	83.6	101.0	54.6	88.9	77.6	94.0	82.3	62.7	110.4	114.5	36.6	72.2	73.9	110.2	118.5	58.1	118.2	89.5	95.0	50.7	48.4	85.0	87.5	120.5	96.3	73.4	120.5	104.2	98.3	86.4	113.5	38.6	124.1	89.1	69.0	77.4	79.0	58.2	83.5	63.0	106.7	88.5	100.5	94.3	79.4	90.7	65.2	65.5	70.1	93.5	48.3	75.9	89.3	72.6	100.8	79.0	131.7	112.3	117.4	48.2	96.8	117.0	69.9	52.4	105.8	56.5	46.4	99.6	97.7	126.5	95.1	63.9	108.2	61.8	98.5	99.3	56.9	92.9	116.8	103.3	94.2	111.1	65.7	92.6	66.8	99.4	112.9	111.1	94.3	90.1	74.4	123.8	72.5	123.1	104.3	91.9	109.1	133.5	77.5	78.7	93.6	72.7	
89.9	102.4	54.5	84.2	78.6	57.8	114.0	28.9	51.9	92.2	0.0	100.9	104.2	55.5	109.7	76.6	97.9	88.6	78.8	27.9	64.6	102.1	134.4	61.3	82.5	93.0	112.6	67.3	91.9	104.8	106.1	55.5	116.2	79.3	116.8	55.1	50.5	105.7	41.8	115.8	92.6	77.5	53.8	99.8	113.1	104.7	80.0	61.8	89.9	84.9	82.3	78.3	100.7	96.7	102.4	64.2	55.4	56.0	71.1	87.4	98.7	112.2	100.3	98.3	88.1	104.7	50.2	60.8	111.9	72.9	59.3	84.3	47.8	108.2	64.5	84.4	97.6	79.9	92.6	118.4	66.0	106.1	99.1	59.6	84.1	84.3	66.0	111.2	74.3	113.7	97.1	106.9	59.2	27.1	60.3	89.7	76.0	143.4	70.1	78.8	103.8	64.5	89.4	107.1	63.9	91.8	93.8	99.8	82.6	59.7	47.9	89.0	56.0	91.2	116.5	110.4	83.7	41.5	77.8	115.1	67.5	76.8	60.1	62.6	70.1	62.4	81.0	66.3	101.1	104.6	93.0	37.3	82.9	31.8	88.8	88.5	90.8	130.8	104.1	72.1	113.1	91.1	81.1	40.4	77.7	122.5	100.4	88.8	94.5	88.7	
66.0	85.5	107.4	43.9	98.8	90.6	34.6	100.1	75.4	77.1	100.9	0.0	96.8	113.6	82.3	38.8	90.7	110.0	86.3	118.5	50.0	73.7	37.0	98.0	72.5	29.4	85.9	71.2	41.1	62.1	59.4	95.9	43.8	53.8	77.3	95.1	89.6	30.2	89.4	54.9	35.0	89.7	83.6	94.5	110.4	64.3	66.3	61.5	80.5	97.4	78.9	44.8	84.1	58.1	47.2	115.2	89.7	94.5	52.2	87.1	86.8	52.0	112.1	72.3	98.9	65.8	119.6	101.0	105.2	54.4	67.3	77.7	68.6	92.4	110.2	98.5	119.4	75.1	110.9	98.6	89.1	99.5	59.0	59.3	86.4	83.6	87.6	42.3	63.0	61.7	70.8	74.3	96.4	100.7	75.1	77.5	114.3	56.6	103.4	62.0	72.2	83.4	56.0	88.2	102.5	82.5	100.4	43.0	48.9	118.0	105.7	96.8	113.7	69.7	73.0	34.2	90.3	119.2	99.3	41.2	84.3	96.0	100.2	77.9	74.4	113.4	116.6	67.1	58.1	63.6	18.2	119.6	68.6	91.5	117.0	81.0	59.0	58.2	48.9	82.2	81.5	124.7	76.0	99.0	119.7	71.6	53.1	69.1	92.8	90.4	
132.2	103.1	111.0	73.9	102.1	131.3	115.8	88.7	105.4	71.5	104.2	96.8	0.0	77.5	113.4	75.5	99.8	97.1	104.2	130.5	85.5	94.0	104.5	66.2	116.1	80.6	130.5	97.0	108.0	54.0	66.5	89.0	106.1	102.3	95.8	70.1	110.7	87.9	93.2	62.3	84.6	118.9	113.9	48.7	75.3	97.7	117.6	63.4	77.8	110.4	95.7	118.6	113.5	100.0	124.7	100.6	95.0	117.0	68.9	57.7	84.2	105.1	75.5	112.0	100.0	93.2	80.5	85.1	96.1	74.8	122.2	106.1	101.6	36.0	102.7	66.0	71.2	106.5	95.1	75.5	140.5	91.8	94.4	102.8	97.0	69.3	105.1	93.8	110.7	116.4	113.1	141.9	93.9	111.7	48.5	70.9	61.9	95.6	60.1	78.7	134.0	95.2	112.1	78.5	130.0	138.5	117.1	90.0	89.1	90.2	89.0	78.9	107.9	85.3	52.3	106.1	81.0	141.7	83.2	94.2	87.0	99.7	73.0	134.2	100.6	118.2	80.7	102.9	133.5	85.2	94.8	100.0	94.1	112.1	62.7	92.8	132.9	91.6	124.9	115.4	85.0	82.0	134.4	96.2	68.4	122.4	76.1	128.2	64.5	49.9	
110.8	88.4	85.1	97.6	67.9	94.7	135.3	45.4	80.5	84.6	55.5	113.6	77.5	0.0	96.2	82.7	101.2	109.9	100.4	73.7	71.0	110.9	141.0	40.4	101.8	103.5	139.2	65.7	110.6	98.4	96.1	35.8	129.9	96.7	105.7	44.2	91.1	118.1	78.6	113.3	98.8	113.2	98.2	84.5	102.0	98.9	110.7	56.8	86.8	68.3	71.3	103.9	122.3	113.2	124.1	61.3	81.7	76.5	71.3	80.9	112.4	132.7	82.2	111.7	105.2	92.5	26.1	50.5	104.0	84.3	100.6	95.0	81.2	84.3	91.7	80.0	64.1	75.5	105.1	99.7	103.8	124.2	120.3	90.1	69.8	89.3	79.3	109.1	90.7	138.0	95.7	136.9	84.4	76.6	52.3	98.6	40.4	140.8	46.9	74.0	135.6	94.8	121.0	94.4	95.1	121.7	80.7	102.5	91.2	71.8	49.6	83.4	93.3	104.7	104.9	120.9	60.0	86.5	97.5	115.9	88.3	99.4	70.3	107.8	79.2	100.9	89.5	98.8	134.4	105.4	104.1	58.4	74.3	62.7	78.1	97.3	128.0	140.1	126.1	98.0	106.4	80.4	121.9	55.9	69.7	143.7	111.0	112.1	72.9	79.1	
79.2	51.6	125.7	103.5	62.0	96.4	113.2	104.8	90.3	97.3	109.7	82.3	113.4	96.2	0.0	73.2	105.5	162.3	111.5	121.1	57.0	123.7	103.3	102.0	89.7	93.7	146.6	43.1	95.1	102.6	80.3	75.5	101.9	75.2	64.7	94.0	120.6	106.1	127.4	111.3	82.1	139.8	129.7	110.3	142.8	73.0	117.9	71.2	110.7	49.0	53.8	75.9	125.2	116.2	86.5	115.7	120.5	97.5	77.7	121.7	136.0	123.1	122.6	96.1	127.8	54.7	116.0	95.4	112.2	98.0	103.1	93.3	99.8	101.3	140.0	116.1	97.3	31.1	139.4	104.2	98.4	160.5	128.5	92.1	67.9	116.4	84.7	70.9	71.7	127.3	30.5	113.1	136.2	125.3	91.9	120.7	112.4	110.1	106.1	75.5	123.5	133.1	124.9	110.4	117.1	99.5	56.6	80.4	76.8	139.1	104.3	122.6	151.5	125.4	111.2	77.0	69.0	120.1	148.9	73.4	121.3	135.7	130.1	111.1	88.7	152.1	149.8	116.2	115.4	94.2	71.3	134.3	51.9	87.4	138.7	99.5	116.2	130.8	96.3	107.0	114.5	141.5	128.1	97.1	140.1	127.7	119.8	98.7	81.9	123.6	
63.9	83.8	79.1	48.5	74.7	80.5	63.6	67.7	64.7	46.3	76.6	38.8	75.5	82.7	73.2	0.0	59.0	98.2	70.0	98.9	35.9	81.0	67.5	68.0	80.3	28.7	103.5	50.4	53.6	43.8	36.9	69.1	70.5	45.8	80.6	59.1	69.2	47.1	71.8	59.8	26.3	94.3	75.9	66.4	97.3	70.1	70.3	41.8	76.3	82.7	51.5	50.9	66.1	72.0	50.6	82.3	81.9	87.8	23.5	74.3	68.2	74.0	104.9	50.2	87.7	67.4	92.1	63.4	72.5	54.6	59.0	84.0	63.4	69.1	96.2	81.5	90.4	59.4	92.9	68.6	87.7	88.9	56.9	42.6	71.9	54.8	59.8	47.4	66.9	65.2	64.9	71.2	78.8	78.3	48.2	55.5	84.7	77.8	67.0	56.0	68.8	67.4	70.5	82.3	100.9	76.2	93.0	38.2	56.4	101.1	69.5	75.6	94.9	60.4	59.2	56.0	78.2	103.2	87.1	39.9	78.1	69.8	84.1	72.3	55.8	92.1	102.5	70.3	64.9	75.2	26.4	92.9	53.3	72.6	101.8	73.9	66.2	72.2	53.1	86.3	78.7	113.0	81.4	71.0	101.5	92.3	60.1	66.4	72.1	75.7	
93.1	132.2	72.2	99.3	93.1	108.2	107.2	77.0	102.2	46.9	97.9	90.7	99.8	101.2	105.5	59.0	0.0	119.1	83.6	119.8	86.3	129.1	111.7	87.8	132.0	73.5	151.9	84.7	100.7	65.7	55.9	95.5	121.5	80.7	127.3	64.9	79.2	91.8	97.5	101.8	68.8	137.9	106.3	69.7	122.8	122.0	109.8	89.2	122.5	118.9	68.9	95.2	48.3	123.3	73.0	79.1	123.1	132.1	65.5	110.7	66.7	120.1	150.6	30.7	110.6	118.1	113.9	56.5	23.9	108.2	85.8	138.8	108.8	85.7	122.0	109.8	99.8	93.7	102.9	48.2	125.0	99.9	79.6	69.2	109.6	51.4	63.1	90.3	118.7	78.0	101.8	72.5	101.3	92.7	81.5	62.0	101.6	121.1	67.5	107.8	71.0	86.5	115.4	122.9	145.4	90.1	136.0	76.7	113.0	131.4	64.6	93.5	109.3	86.7	80.8	104.0	123.6	125.5	113.8	68.8	119.2	57.4	117.5	97.8	83.5	93.9	131.6	116.9	84.7	130.7	76.2	106.5	92.1	102.6	135.1	108.5	93.3	104.5	75.1	136.0	116.5	152.1	115.9	85.6	131.7	136.8	104.7	94.1	98.5	110.0	
128.6	149.2	98.5	78.2	145.6	126.1	103.0	91.1	108.2	97.8	88.6	110.0	97.1	109.9	162.3	98.2	119.1	0.0	113.4	108.0	109.6	76.6	127.4	84.8	123.3	89.3	86.9	128.4	97.1	93.8	116.2	112.7	121.8	120.9	151.3	100.9	88.3	90.0	51.2	91.7	99.3	71.3	60.8	108.1	74.3	123.1	78.8	97.7	80.3	145.7	128.6	116.1	110.0	80.2	128.7	98.1	78.6	110.3	89.3	61.5	81.9	100.3	104.9	122.8	110.2	133.1	94.3	105.1	128.7	78.4	97.2	116.9	85.5	117.1	85.0	103.3	139.4	140.3	106.1	126.9	127.7	46.9	70.2	98.8	122.8	87.8	124.7	122.1	121.3	106.3	152.3	131.3	37.0	74.9	84.4	83.6	93.9	126.6	92.8	100.5	114.7	41.1	76.1	96.5	110.6	140.6	151.9	107.1	109.8	76.5	102.2	73.6	54.5	57.3	96.5	131.9	125.1	120.5	25.6	130.2	79.1	70.2	59.5	102.6	97.1	58.4	67.6	75.6	113.8	116.3	112.0	70.9	122.8	111.8	82.9	121.4	103.0	100.4	119.1	107.8	94.5	88.6	86.7	109.2	74.2	124.8	68.6	110.8	130.8	61.9	
110.6	112.3	51.7	74.7	72.2	63.2	105.9	69.0	51.0	100.7	78.8	86.3	104.2	100.4	111.5	70.0	83.6	113.4	0.0	94.9	72.3	128.3	107.9	106.8	85.2	85.0	133.4	79.9	107.9	91.7	88.8	105.5	85.5	43.4	97.1	65.4	44.4	94.4	75.0	105.8	93.5	100.7	86.9	72.2	146.1	128.0	110.3	72.1	125.2	119.4	103.4	85.3	60.4	115.4	81.3	115.7	76.0	106.9	86.2	116.6	64.1	83.1	129.8	78.7	34.8	121.4	104.1	90.7	99.1	84.0	74.4	99.6	75.8	86.0	62.0	60.7	86.7	93.8	42.0	109.7	88.4	97.0	86.2	44.2	125.9	57.3	44.6	114.7	87.4	72.8	87.7	82.6	103.1	78.6	66.2	55.8	119.4	130.3	95.1	107.8	78.7	87.8	92.1	140.2	106.3	52.9	124.4	107.1	80.8	91.9	72.1	127.4	80.4	107.7	110.8	78.2	112.4	94.4	94.4	89.9	67.0	82.7	87.1	84.8	111.2	93.1	91.3	79.0	80.5	94.7	81.1	102.4	111.0	76.3	104.3	42.7	88.5	101.0	98.3	87.8	140.6	127.7	107.3	52.1	106.0	81.7	99.6	117.3	71.9	114.4	
97.6	112.0	70.9	104.8	90.4	56.3	129.8	53.4	61.5	117.1	27.9	118.5	130.5	73.7	121.1	98.9	119.8	108.0	94.9	0.0	81.1	118.6	153.4	84.6	87.5	115.0	121.8	80.4	106.4	131.1	130.5	70.6	131.4	94.0	131.0	79.6	65.8	126.4	62.0	139.6	113.6	84.9	65.3	126.0	135.3	118.7	91.3	83.0	107.9	91.9	99.0	87.5	120.3	111.8	116.0	82.1	67.8	55.3	94.3	110.3	123.2	128.6	115.5	117.0	103.7	119.0	67.7	82.9	135.1	91.5	68.2	91.5	58.9	133.9	77.4	104.9	117.5	90.3	111.4	143.6	59.4	129.2	120.9	76.0	96.9	110.2	81.2	129.8	80.8	132.4	107.2	118.5	78.7	42.2	86.0	115.1	98.2	164.1	95.9	95.6	117.9	85.3	102.8	126.2	58.3	98.7	98.2	119.7	96.8	73.7	69.9	111.1	71.4	113.4	142.8	125.4	97.2	18.5	98.7	135.5	83.3	99.0	80.2	66.0	86.0	77.5	99.2	78.4	113.3	120.2	111.1	54.4	97.7	35.6	108.3	103.9	101.0	153.3	118.4	76.0	132.9	105.6	87.3	56.9	96.9	135.1	122.1	98.8	114.7	112.5	
62.4	54.3	84.7	53.8	56.9	60.2	77.3	64.6	43.4	74.1	64.6	50.0	85.5	71.0	57.0	35.9	86.3	109.6	72.3	81.1	0.0	83.0	81.8	69.8	51.8	55.9	100.8	27.0	59.2	73.7	65.0	54.4	68.7	40.8	62.1	61.9	72.7	68.0	72.6	78.2	52.6	85.4	75.5	83.4	109.3	59.3	72.9	25.7	73.7	56.1	52.8	41.1	91.8	72.5	64.9	88.7	67.0	59.5	41.2	80.7	94.0	79.3	90.1	76.4	84.9	52.1	80.5	71.2	99.5	46.8	58.7	55.8	45.6	81.0	88.6	76.7	85.9	36.3	97.6	95.5	63.0	111.2	83.8	46.5	58.4	78.5	58.8	60.1	35.2	90.3	43.4	87.7	85.7	76.4	48.3	79.6	85.3	92.8	77.7	43.0	89.7	81.5	74.0	84.9	74.2	73.8	61.5	58.7	34.7	89.9	72.3	89.7	97.6	82.4	86.0	54.1	53.3	82.8	94.9	63.3	68.1	93.0	78.7	68.5	59.8	102.5	99.3	61.0	79.9	60.8	41.8	89.8	43.7	48.7	95.7	63.5	76.0	95.6	72.1	60.9	88.5	100.9	81.9	59.9	95.4	89.2	74.8	71.9	64.9	82.8	
97.0	105.4	130.9	59.1	136.0	122.7	66.8	109.9	103.2	93.4	102.1	73.7	94.0	110.9	123.7	81.0	129.1	76.6	128.3	118.6	83.0	0.0	87.3	83.9	93.5	66.2	47.1	105.5	52.2	84.8	99.7	96.1	89.2	109.3	114.5	113.5	114.0	60.4	81.5	61.5	70.3	68.8	75.9	120.0	62.5	60.3	52.8	78.2	29.5	109.5	105.4	85.9	129.4	22.3	110.1	109.7	83.3	85.2	69.3	45.9	112.6	81.7	77.7	122.4	128.0	77.3	104.4	114.1	138.9	49.9	94.2	79.7	72.9	115.0	114.4	113.6	142.1	110.1	136.4	125.7	111.3	94.6	77.5	100.3	81.2	110.8	130.3	74.6	86.3	110.9	120.3	129.0	69.1	101.6	85.4	105.6	95.1	76.8	105.9	52.5	119.9	74.5	59.0	45.2	93.2	138.6	110.1	70.0	73.8	100.3	121.7	68.2	106.0	54.4	81.7	99.0	88.2	126.5	75.2	103.2	85.5	107.4	80.3	99.4	73.4	108.3	99.5	66.1	107.5	78.0	81.2	101.6	83.5	106.5	95.4	118.3	93.5	85.9	97.6	86.4	43.2	85.5	74.3	121.4	93.4	108.2	43.5	82.2	122.6	54.0	
98.9	104.2	136.3	60.8	124.7	123.6	46.6	131.0	105.7	96.6	134.4	37.0	104.5	141.0	103.3	67.5	111.7	127.4	107.9	153.4	81.8	87.3	0.0	124.0	96.6	50.9	99.4	102.3	68.8	69.5	70.3	126.6	44.7	80.7	85.2	121.4	119.2	40.0	117.4	51.1	59.7	112.2	113.5	105.3	121.9	82.4	94.6	87.4	98.3	125.2	107.3	80.3	102.3	74.9	73.2	145.1	114.3	125.7	80.0	102.7	98.8	54.3	125.7	95.5	115.0	83.4	146.7	129.8	121.9	76.3	102.4	99.2	100.1	99.2	132.5	112.9	136.3	104.8	125.9	109.9	122.5	109.2	72.4	91.4	113.1	100.6	116.5	58.0	92.3	71.8	94.9	98.4	122.5	133.5	97.6	91.4	136.9	34.9	126.8	86.4	94.3	108.7	76.6	101.7	132.0	109.2	125.7	64.6	71.4	141.1	135.1	117.4	139.4	87.6	75.4	46.2	112.0	154.4	116.9	51.5	104.5	119.8	121.6	112.7	105.7	141.2	133.0	92.6	82.2	71.1	50.8	149.6	96.7	126.1	131.2	97.1	87.5	44.2	74.8	107.5	93.0	141.5	105.3	129.1	137.8	73.1	61.2	100.3	107.1	104.6	
96.6	99.0	88.2	83.5	91.1	105.6	112.9	52.5	89.8	57.0	61.3	98.0	66.2	40.4	102.0	68.0	87.8	84.8	106.8	84.6	69.8	83.9	124.0	0.0	107.7	80.6	118.2	73.4	87.2	75.4	80.1	39.2	122.8	99.0	114.4	52.5	89.7	94.8	67.4	90.1	75.1	102.9	83.2	81.6	66.1	83.3	86.7	56.9	61.2	78.8	63.0	95.1	110.8	89.9	112.2	41.2	84.1	81.0	48.4	51.4	97.8	120.8	81.2	98.2	114.3	84.3	43.8	43.5	90.7	72.6	90.5	98.8	77.6	82.6	99.5	90.8	86.9	82.3	112.3	82.5	109.7	100.8	95.1	85.8	58.2	78.7	89.0	87.7	93.8	121.7	104.2	125.1	58.6	70.8	50.3	86.5	21.8	118.5	32.7	59.1	120.3	70.3	103.0	64.7	100.5	125.6	93.1	76.9	89.5	79.2	56.5	43.0	86.6	70.7	77.9	116.1	68.1	98.9	79.4	102.0	89.4	78.2	66.4	98.6	53.3	84.6	89.5	90.3	119.6	103.7	89.6	52.2	62.7	75.1	80.2	108.1	111.1	118.7	106.4	102.3	72.7	79.8	102.7	74.2	70.4	140.3	86.3	89.4	88.3	51.8	
91.7	60.9	108.8	65.0	84.4	58.9	90.1	95.0	42.8	122.1	82.5	72.5	116.1	101.8	89.7	80.3	132.0	123.3	85.2	87.5	51.8	93.5	96.6	107.7	0.0	88.7	90.5	68.3	80.8	112.7	109.8	91.2	61.7	61.2	66.1	99.8	89.5	90.2	85.8	101.8	92.8	69.4	82.6	118.1	137.5	80.9	86.0	59.4	91.8	82.3	102.4	59.3	122.3	78.5	93.0	129.3	56.3	53.6	86.9	104.5	120.9	73.5	91.7	118.0	83.9	77.2	102.0	116.3	147.4	54.4	76.4	25.5	44.2	114.1	83.4	85.1	114.9	73.2	106.8	144.2	49.9	130.2	107.7	71.4	92.6	112.8	90.6	97.1	23.8	110.5	67.6	112.7	106.2	94.4	79.2	108.8	120.5	112.9	120.1	69.4	113.6	103.7	72.5	111.3	50.0	85.2	72.2	99.2	32.5	89.3	109.0	126.5	106.7	111.8	123.8	63.0	71.5	83.1	105.2	101.3	59.2	126.2	85.4	80.1	98.7	122.8	100.0	51.2	97.1	50.7	75.9	110.8	86.0	62.4	100.9	62.3	90.0	112.6	102.8	24.2	117.4	101.5	87.1	82.1	103.4	69.1	91.0	100.9	88.7	106.9	
71.2	98.9	95.7	40.6	102.2	98.2	41.2	87.9	81.2	53.5	93.0	29.4	80.6	103.5	93.7	28.7	73.5	89.3	85.0	115.0	55.9	66.2	50.9	80.6	88.7	0.0	87.3	76.0	42.2	39.3	46.0	89.1	63.9	63.5	93.0	82.2	81.4	20.2	76.1	42.3	19.6	89.0	74.9	79.2	88.8	70.5	60.9	59.3	71.0	102.7	73.4	58.1	71.4	56.4	55.3	96.5	88.0	98.8	36.1	69.1	67.2	60.7	108.4	62.2	98.2	74.5	108.0	84.6	86.3	53.2	66.4	90.1	70.6	80.9	104.8	93.6	113.0	83.0	103.4	79.1	100.3	76.8	37.8	57.6	84.1	64.3	85.1	43.5	78.2	55.5	86.2	75.1	77.2	89.2	63.7	59.2	96.9	59.0	83.3	61.2	67.4	63.2	56.6	76.6	108.8	91.5	110.2	32.5	62.7	109.5	91.7	73.5	99.3	44.4	50.7	58.5	92.9	119.6	81.8	43.7	82.5	72.7	88.8	78.5	63.0	94.9	105.6	68.5	60.8	75.7	29.2	103.9	68.3	92.6	106.7	87.4	60.6	50.1	49.2	92.4	67.4	116.5	74.4	94.1	107.4	86.8	39.3	65.8	92.0	71.7	
106.5	125.1	139.7	72.1	154.5	120.4	67.5	127.8	105.8	126.8	112.6	85.9	130.5	139.2	146.6	103.5	151.9	86.9	133.4	121.8	100.8	47.1	99.4	118.2	90.5	87.3	0.0	125.0	65.0	116.3	130.0	124.1	89.5	116.7	131.7	137.8	116.6	76.7	88.3	91.4	95.7	49.5	71.0	147.4	104.5	90.0	53.0	102.0	71.5	133.2	134.1	89.0	138.6	36.8	116.2	137.4	84.5	90.7	99.3	85.6	126.7	76.2	104.8	138.7	131.1	106.2	129.3	141.7	167.0	66.4	93.1	83.1	74.1	146.1	114.9	129.5	169.6	129.9	144.3	160.2	103.7	105.3	87.7	106.2	112.9	131.3	143.6	103.2	90.8	113.2	135.4	129.9	84.4	107.4	110.8	123.1	132.1	101.4	138.6	84.1	120.0	84.8	45.0	91.3	86.0	137.3	129.6	98.5	84.3	110.2	143.0	106.1	108.3	79.7	118.3	105.9	116.2	125.1	85.6	124.6	88.2	122.5	95.2	93.6	99.2	113.4	110.0	58.8	103.2	90.0	97.2	118.2	112.6	114.7	116.4	125.4	86.2	98.6	105.7	79.7	88.0	106.9	60.3	134.7	114.5	97.7	64.8	92.8	146.5	92.3	
64.5	55.9	86.0	79.8	39.9	61.0	99.6	63.9	53.8	79.1	67.3	71.2	97.0	65.7	43.1	50.4	84.7	128.4	79.9	80.4	27.0	105.5	102.3	73.4	68.3	76.0	125.0	0.0	78.4	88.0	72.5	47.2	91.8	50.3	70.1	59.6	80.7	91.0	87.8	100.0	67.8	107.5	92.4	89.9	123.9	72.4	91.4	42.3	92.0	43.0	41.0	54.2	99.2	96.9	72.7	85.1	85.1	67.6	53.9	98.5	107.8	104.6	104.7	77.4	97.2	60.8	82.1	64.4	96.2	72.3	69.0	73.9	64.5	88.2	102.1	88.6	80.1	15.8	107.7	95.2	68.0	130.4	103.8	57.2	57.8	87.8	51.5	72.2	49.9	106.5	34.3	93.1	100.5	83.2	60.8	93.1	87.5	112.6	77.8	59.2	99.7	97.8	98.6	99.3	85.9	75.0	54.8	71.4	58.5	102.5	67.0	99.8	110.4	100.8	100.3	71.5	57.3	81.0	114.5	72.5	88.2	101.8	95.2	77.4	64.9	112.3	115.9	84.2	93.1	83.0	58.5	94.7	42.6	46.7	110.6	75.6	90.9	118.0	82.0	78.8	104.1	115.2	98.9	56.9	108.8	111.3	99.6	79.7	66.8	100.1	
49.3	95.6	111.9	57.9	114.4	95.1	37.2	98.4	84.4	77.4	91.9	41.1	108.0	110.6	95.1	53.6	100.7	97.1	107.9	106.4	59.2	52.2	68.8	87.2	80.8	42.2	65.0	78.4	0.0	77.4	80.1	86.1	75.1	78.7	103.9	102.3	93.5	44.2	81.2	69.3	39.1	78.0	67.2	115.1	93.9	53.6	32.6	70.6	62.1	93.2	77.1	42.6	100.4	38.4	63.2	99.5	89.5	80.2	50.5	76.0	102.5	74.6	109.0	84.4	120.6	66.5	112.8	98.0	115.9	56.2	58.7	80.2	62.2	114.5	116.9	117.3	137.1	80.9	131.1	110.2	84.3	101.7	63.6	69.6	70.9	99.0	102.0	46.1	66.3	82.6	89.5	84.0	77.2	89.3	84.4	95.5	105.9	73.6	102.7	51.9	80.5	70.7	49.3	70.6	90.8	100.5	98.2	39.0	63.4	115.8	107.1	77.1	108.0	54.4	83.0	71.2	90.6	109.1	93.9	70.7	91.8	92.6	97.9	64.6	49.7	101.0	119.7	63.5	65.6	82.5	43.3	105.2	60.2	87.3	120.7	107.1	52.5	81.2	49.0	82.6	62.0	118.3	49.8	106.0	118.1	98.4	55.2	39.1	116.0	83.0	
100.8	109.6	100.1	59.0	104.1	120.2	77.5	90.0	99.7	40.1	104.8	62.1	54.0	98.4	102.6	43.8	65.7	93.8	91.7	131.1	73.7	84.8	69.5	75.4	112.7	39.3	116.3	88.0	77.4	0.0	28.8	93.8	86.4	81.3	98.9	74.2	95.0	49.8	88.7	39.7	44.1	113.7	99.0	52.7	80.7	88.2	93.1	65.9	80.8	113.1	78.4	91.5	76.1	83.6	83.1	95.3	102.4	119.9	45.3	66.7	58.7	83.6	108.2	70.3	101.5	87.4	105.1	78.9	67.8	71.3	95.7	110.5	94.7	53.4	111.6	86.7	95.8	96.3	98.5	51.2	128.5	74.1	54.8	78.4	94.4	50.4	91.0	60.8	103.3	73.2	100.4	99.3	87.3	103.3	58.6	48.8	84.9	66.9	67.3	75.9	90.8	76.5	88.7	79.5	132.5	112.3	123.2	52.3	83.2	112.5	88.0	70.5	107.0	56.2	20.2	80.8	97.7	139.1	85.5	52.4	93.9	74.0	91.2	109.0	80.2	104.5	103.7	94.0	92.2	88.4	58.5	107.7	81.1	109.5	99.4	93.6	95.8	56.1	80.1	115.8	72.9	115.7	108.5	98.5	101.8	107.2	54.7	95.8	81.3	64.9	
90.8	98.2	100.3	70.4	87.6	113.0	83.6	89.7	96.1	40.5	106.1	59.4	66.5	96.1	80.3	36.9	55.9	116.2	88.8	130.5	65.0	99.7	70.3	80.1	109.8	46.0	130.0	72.5	80.1	28.8	0.0	87.7	87.3	70.7	87.5	70.6	97.2	60.9	100.1	58.2	42.2	125.7	108.9	55.2	100.3	85.0	101.0	63.6	92.7	100.0	61.5	84.3	75.2	95.7	71.4	95.9	110.6	119.4	44.7	85.1	72.4	92.9	117.7	57.6	104.7	78.8	109.2	73.5	57.8	80.2	94.3	110.8	98.0	53.8	120.3	91.8	87.4	78.6	104.2	41.9	123.0	98.2	71.7	74.5	87.8	57.6	78.5	52.6	97.4	77.6	80.8	91.1	102.7	108.4	63.1	60.0	90.7	72.7	69.9	76.5	88.9	91.8	99.9	89.7	134.4	100.8	111.7	48.5	81.6	123.4	84.6	83.6	120.0	75.0	41.7	72.0	92.8	136.2	106.3	33.8	103.3	84.3	105.0	107.7	78.7	116.1	119.5	102.6	90.3	91.0	49.8	116.0	69.9	104.1	113.5	90.6	96.7	72.3	73.5	117.9	84.6	128.8	114.9	93.7	115.9	111.3	74.3	92.9	72.8	84.1	
80.2	75.1	91.8	91.5	69.0	86.1	116.3	54.2	76.5	74.5	55.5	95.9	89.0	35.8	75.5	69.1	95.5	112.7	105.5	70.6	54.4	96.1	126.6	39.2	91.2	89.1	124.1	47.2	86.1	93.8	87.7	0.0	120.0	88.1	100.1	57.3	91.6	104.3	80.0	106.2	79.5	107.0	89.3	97.2	97.6	73.6	89.6	51.7	73.7	43.4	46.1	80.2	118.8	96.6	104.4	54.0	85.4	61.2	54.8	78.3	117.2	125.6	87.8	98.7	116.8	69.3	50.6	49.1	102.1	76.7	83.4	85.3	70.7	95.5	105.4	97.5	85.7	52.6	121.4	97.3	87.6	127.9	111.9	80.9	38.3	95.7	78.1	85.4	73.4	129.5	79.0	120.5	80.9	74.5	60.4	103.6	51.0	126.1	57.3	53.3	122.1	89.9	108.3	79.0	85.5	112.0	60.7	79.7	79.9	89.1	59.6	72.9	102.0	93.1	100.0	107.6	50.5	80.4	103.8	100.6	94.1	98.2	82.5	89.4	50.9	101.5	107.1	91.3	117.8	100.2	85.1	66.6	43.3	53.0	97.5	103.0	109.0	133.4	103.2	90.7	88.7	92.9	102.3	65.4	89.6	139.1	102.6	82.8	84.6	80.4	
102.1	88.1	121.7	46.4	108.3	96.6	58.8	117.8	76.6	111.9	116.2	43.8	106.1	129.9	101.9	70.5	121.5	121.8	85.5	131.4	68.7	89.2	44.7	122.8	61.7	63.9	89.5	91.8	75.1	86.4	87.3	120.0	0.0	61.5	66.5	112.4	101.4	55.8	101.1	67.6	75.9	87.4	98.2	104.3	132.7	87.0	91.9	73.5	98.2	116.5	112.9	70.6	103.7	72.4	78.0	146.4	85.0	103.4	85.2	103.9	98.4	30.1	110.6	105.1	85.0	85.1	132.2	129.3	135.2	59.0	90.5	69.0	76.1	99.4	102.7	89.3	124.8	97.0	103.5	128.0	95.9	109.5	80.5	76.9	114.2	99.3	103.2	80.2	67.2	76.2	83.0	100.5	116.4	118.3	85.9	89.1	135.6	70.2	127.3	82.8	96.7	104.2	62.8	111.5	102.9	90.9	111.7	84.5	45.6	116.2	126.2	127.5	121.1	98.4	96.9	30.6	99.7	129.9	105.0	72.0	74.2	121.3	101.9	99.4	110.7	132.6	110.5	66.8	81.1	44.1	57.7	137.1	100.2	104.7	112.3	65.4	83.8	62.8	87.6	73.2	109.4	123.6	96.7	108.8	120.1	33.7	65.5	107.1	92.4	105.1	
77.2	81.3	74.3	61.4	59.4	52.3	80.5	75.0	40.8	88.5	79.3	53.8	102.3	96.7	75.2	45.8	80.7	120.9	43.4	94.0	40.8	109.3	80.7	99.0	61.2	63.5	116.7	50.3	78.7	81.3	70.7	88.1	61.5	0.0	69.9	70.2	60.6	73.7	81.5	90.3	67.0	95.8	84.0	81.4	136.9	94.4	90.6	53.8	106.8	90.3	77.0	50.0	69.4	94.1	50.9	110.5	77.5	88.0	65.4	107.7	81.3	71.1	119.9	65.3	64.9	86.6	105.5	86.7	97.6	67.8	58.4	77.4	61.7	85.9	84.8	75.4	91.5	60.2	79.4	102.0	67.8	109.7	81.3	32.0	97.7	70.8	43.8	81.0	56.1	68.8	50.1	67.1	103.2	84.0	63.9	69.3	114.4	104.1	95.5	81.1	70.3	89.7	78.3	119.2	93.0	40.6	94.3	78.1	52.9	103.3	79.3	116.6	99.4	97.6	99.1	43.1	89.6	91.2	104.1	60.5	72.2	91.9	94.2	69.6	88.4	105.4	107.3	69.6	63.1	73.8	46.7	108.3	79.3	64.2	112.1	46.5	69.7	91.0	70.3	73.0	118.8	126.8	91.0	60.5	114.1	72.4	86.9	89.7	68.2	108.1	
113.9	42.2	130.6	79.7	73.7	100.3	108.3	113.4	80.3	116.0	116.8	77.3	95.8	105.7	64.7	80.6	127.3	151.3	97.1	131.0	62.1	114.5	85.2	114.4	66.1	93.0	131.7	70.1	103.9	98.9	87.5	100.1	66.5	69.9	0.0	100.3	120.3	96.5	121.2	92.0	94.1	121.2	127.9	98.0	142.2	81.9	124.2	62.1	105.8	82.4	97.0	89.6	129.6	105.8	103.4	142.6	97.7	99.3	90.2	113.2	125.1	90.9	96.4	119.0	96.3	65.0	116.5	119.8	134.2	77.5	115.1	66.9	92.0	83.0	115.4	81.7	88.7	71.0	113.2	121.9	104.1	145.8	122.5	95.5	96.9	111.3	96.9	88.0	65.5	121.0	53.5	130.4	137.0	132.0	80.2	109.0	120.8	95.5	117.6	78.3	133.5	133.0	111.2	113.2	108.5	105.6	74.5	98.4	51.1	118.1	118.3	135.4	142.3	127.6	107.4	56.6	65.9	130.3	131.4	82.7	91.1	143.6	109.8	124.5	116.3	156.6	120.6	98.3	122.3	48.2	78.2	140.0	86.1	97.9	108.4	63.3	124.4	108.6	117.0	84.5	120.2	117.6	133.8	99.0	117.5	86.4	102.3	127.0	57.5	112.4	
102.0	98.3	52.4	81.8	56.4	81.9	117.8	28.9	67.3	64.1	55.1	95.1	70.1	44.2	94.0	59.1	64.9	100.9	65.4	79.6	61.9	113.5	121.4	52.5	99.8	82.2	137.8	59.6	102.3	74.2	70.6	57.3	112.4	70.2	100.3	0.0	62.1	98.8	66.8	98.6	80.9	110.2	88.0	52.1	108.0	106.6	104.8	50.9	97.3	86.9	65.6	91.5	81.5	110.6	97.3	63.1	79.5	92.2	57.8	85.0	75.0	112.6	103.2	77.5	78.4	99.5	55.9	34.7	70.6	79.6	82.6	101.3	77.1	62.9	78.0	63.3	52.9	73.9	73.4	74.3	100.3	99.3	93.6	61.8	86.9	49.8	46.4	99.3	90.4	103.3	86.4	105.4	80.0	65.3	36.5	61.4	61.2	128.2	35.1	82.2	102.7	77.7	107.2	105.5	105.4	92.5	100.3	89.5	85.6	77.6	22.3	85.0	78.6	90.8	87.4	101.0	80.8	89.2	86.8	90.6	78.9	69.4	70.6	93.4	78.8	83.1	85.3	90.5	106.4	101.4	83.8	65.2	78.8	63.2	84.0	75.6	106.3	115.1	103.3	99.0	110.3	100.8	112.5	35.9	79.4	123.6	97.5	104.4	58.0	82.0	
93.9	121.9	27.3	76.2	86.6	55.4	99.9	48.5	51.1	91.4	50.5	89.6	110.7	91.1	120.6	69.2	79.2	88.3	44.4	65.8	72.7	114.0	119.2	89.7	89.5	81.4	116.6	80.7	93.5	95.0	97.2	91.6	101.4	60.6	120.3	62.1	0.0	92.6	45.2	109.8	87.4	81.6	53.4	88.4	129.8	123.1	84.6	74.4	111.7	115.6	96.2	75.8	60.0	102.5	80.3	88.7	66.4	90.7	76.7	103.7	66.0	92.0	127.8	74.7	63.8	122.4	89.5	75.0	98.3	79.7	47.4	100.7	59.7	104.5	57.8	80.6	105.1	95.0	65.6	112.4	74.9	84.4	75.3	34.4	114.2	60.9	51.2	113.0	86.5	75.7	100.8	74.7	71.6	38.8	67.5	62.4	106.1	137.1	84.2	100.2	67.4	57.1	78.2	128.5	90.2	62.0	123.9	99.7	87.3	80.4	57.2	105.9	49.7	88.1	112.0	96.0	113.1	68.4	76.1	100.6	66.8	55.8	75.3	55.1	88.5	53.1	86.6	65.7	70.3	107.8	82.8	71.3	103.0	60.2	104.3	74.5	69.1	108.9	87.5	83.7	127.7	119.6	78.4	47.7	98.7	100.7	94.1	93.8	96.4	103.7	
82.6	105.4	109.9	37.9	117.1	108.2	29.5	103.4	89.8	71.2	105.7	30.2	87.9	118.1	106.1	47.1	91.8	90.0	94.4	126.4	68.0	60.4	40.0	94.8	90.2	20.2	76.7	91.0	44.2	49.8	60.9	104.3	55.8	73.7	96.5	98.8	92.6	0.0	83.5	36.0	36.2	85.6	79.5	91.0	91.8	73.9	62.4	70.3	72.4	115.1	91.6	66.1	83.1	48.9	65.5	113.5	90.9	105.4	53.5	72.4	74.6	48.9	109.6	79.2	102.8	80.5	120.0	103.6	104.2	53.7	76.5	90.4	76.0	90.7	109.5	99.6	126.5	97.2	110.0	95.3	107.2	76.6	38.0	70.2	95.8	77.3	101.4	51.3	83.3	57.2	97.3	85.0	84.2	100.8	75.3	68.7	109.9	48.7	99.8	67.9	75.4	70.2	49.4	79.4	112.2	101.5	119.4	45.1	64.5	114.7	109.2	83.7	105.9	48.7	57.1	58.9	101.2	130.4	82.8	54.5	83.9	85.6	93.3	87.2	77.2	104.3	107.7	67.9	65.6	72.0	40.3	115.6	82.0	105.0	109.7	92.5	64.5	37.4	58.7	93.3	69.0	118.6	75.6	108.4	112.0	78.3	29.5	75.5	102.5	75.4	
98.3	116.2	59.0	61.7	102.4	76.4	93.8	49.7	61.1	87.0	41.8	89.4	93.2	78.6	127.4	71.8	97.5	51.2	75.0	62.0	72.6	81.5	117.4	67.4	85.8	76.1	88.3	87.8	81.2	88.7	100.1	80.0	101.1	81.5	121.2	66.8	45.2	83.5	0.0	93.6	83.3	53.4	29.9	91.9	95.3	105.7	64.6	65.1	78.2	110.1	98.7	81.1	88.2	76.0	99.6	78.0	43.3	72.8	67.6	68.7	74.0	87.3	95.7	97.1	77.7	110.4	66.8	76.4	112.1	57.0	58.7	85.7	44.8	102.2	51.0	77.0	109.8	101.2	79.8	116.1	82.1	68.5	69.6	57.9	98.6	69.9	81.4	106.9	82.9	92.0	112.9	102.6	33.3	31.0	56.2	69.2	82.1	125.8	74.6	79.5	91.6	32.3	62.8	98.5	73.1	98.1	116.4	93.1	79.3	51.6	65.9	78.7	28.6	65.6	99.4	104.1	96.9	72.6	39.4	109.7	49.3	58.8	40.7	64.5	75.5	42.3	58.6	46.1	88.8	95.2	87.1	44.5	95.4	63.3	75.2	85.7	78.3	103.1	97.5	71.4	100.3	83.0	66.6	62.6	65.8	103.8	72.1	89.3	100.3	69.6	
108.0	103.9	122.3	44.4	120.7	127.2	63.0	109.3	103.2	72.2	115.8	54.9	62.3	113.3	111.3	59.8	101.8	91.7	105.8	139.6	78.2	61.5	51.1	90.1	101.8	42.3	91.4	100.0	69.3	39.7	58.2	106.2	67.6	90.3	92.0	98.6	109.8	36.0	93.6	0.0	53.5	99.1	98.9	79.2	76.7	75.6	86.4	69.7	65.8	118.3	98.8	92.2	101.3	60.8	94.3	118.2	95.9	115.1	60.0	59.0	79.5	63.6	92.8	98.6	106.6	79.5	114.7	107.0	107.0	56.8	103.4	95.1	90.6	71.9	113.5	90.8	115.3	106.5	110.4	88.9	128.4	78.8	58.9	91.2	97.7	78.7	113.5	60.5	96.6	82.3	107.2	115.2	91.6	115.4	69.8	70.9	98.7	40.8	93.9	68.2	105.6	83.9	73.9	68.0	124.1	125.1	121.7	59.0	71.1	111.4	113.8	80.6	114.5	58.4	37.5	74.1	94.4	146.5	82.3	66.3	86.4	98.1	88.7	114.9	90.4	118.4	99.9	83.0	99.0	67.0	62.6	119.4	88.3	117.8	93.7	95.3	98.4	40.2	89.7	104.1	61.8	104.7	103.7	115.2	99.4	90.2	31.2	101.0	92.6	58.9	
58.8	94.2	99.1	55.3	98.0	99.0	50.2	87.0	85.2	45.1	92.6	35.0	84.6	98.8	82.1	26.3	68.8	99.3	93.5	113.6	52.6	70.3	59.7	75.1	92.8	19.6	95.7	67.8	39.1	44.1	42.2	79.5	75.9	67.0	94.1	80.9	87.4	36.2	83.3	53.5	0.0	99.0	81.2	84.3	88.7	62.1	62.0	59.8	70.6	91.6	57.6	54.6	77.7	62.7	52.8	87.8	96.5	96.8	27.9	72.3	79.7	77.7	111.4	57.4	110.0	65.6	106.7	76.9	80.7	61.5	66.8	93.6	74.9	84.7	115.3	102.9	112.5	72.4	115.0	72.6	99.8	91.3	53.0	61.4	71.1	71.7	83.8	29.9	77.7	68.4	79.7	75.2	81.2	91.1	67.6	70.6	92.2	63.6	79.4	55.9	71.8	70.4	69.0	71.7	110.8	93.7	101.8	14.8	67.2	116.6	89.0	68.3	107.9	49.4	53.3	64.2	88.0	118.4	93.6	39.8	93.8	76.6	97.0	78.4	50.3	99.7	116.7	78.4	65.9	83.7	26.8	104.1	53.5	90.0	114.9	96.4	64.4	67.2	43.5	98.1	62.4	121.5	77.4	94.8	114.0	101.6	54.1	55.0	94.2	76.0	
107.0	115.6	104.4	62.1	128.0	87.5	84.5	95.5	72.1	121.8	77.5	89.7	118.9	113.2	139.8	94.3	137.9	71.3	100.7	84.9	85.4	68.8	112.2	102.9	69.4	89.0	49.5	107.5	78.0	113.7	125.7	107.0	87.4	95.8	121.2	110.2	81.6	85.6	53.4	99.1	99.0	0.0	42.2	127.5	111.7	101.8	59.2	83.0	78.3	121.9	125.8	82.2	120.8	57.7	111.7	120.6	42.8	68.0	92.6	83.4	107.7	72.4	93.5	128.2	94.7	111.0	99.9	121.2	154.3	53.4	73.6	66.6	43.8	130.5	69.8	98.0	142.9	116.8	108.3	153.2	77.5	92.6	85.5	81.9	111.3	109.9	115.3	114.5	75.1	105.9	122.5	120.3	65.8	73.2	87.0	103.2	116.5	121.9	119.1	83.3	110.1	66.6	42.8	104.0	55.0	113.2	118.9	106.6	72.2	70.1	113.5	106.4	68.8	84.0	121.4	101.5	104.2	88.3	60.8	125.0	50.7	103.4	61.9	74.1	96.8	85.4	74.7	26.8	96.8	82.5	96.2	87.0	110.3	83.2	89.4	95.9	81.4	105.6	108.9	49.7	106.1	86.1	57.3	98.8	85.6	85.6	71.6	98.2	123.3	87.1	
84.4	120.3	74.1	65.4	114.7	74.1	80.1	69.4	65.6	95.9	53.8	83.6	113.9	98.2	129.7	75.9	106.3	60.8	86.9	65.3	75.5	75.9	113.5	83.2	82.6	74.9	71.0	92.4	67.2	99.0	108.9	89.3	98.2	84.0	127.9	88.0	53.4	79.5	29.9	98.9	81.2	42.2	0.0	113.3	103.9	102.0	43.3	76.8	80.5	113.3	102.7	68.5	92.8	65.7	90.8	88.5	54.5	69.7	72.9	79.9	88.0	83.8	108.8	98.1	93.8	110.4	88.6	91.3	124.2	60.7	43.9	85.1	40.9	122.3	70.7	99.4	132.5	103.2	100.9	129.2	71.0	79.1	67.7	58.5	99.8	87.9	91.6	103.4	78.4	88.6	114.4	92.8	40.8	38.8	76.7	85.2	101.1	124.1	95.3	80.9	82.4	35.6	47.0	101.3	67.0	94.9	118.3	89.7	80.1	74.5	85.1	85.6	48.9	64.5	109.4	101.6	105.8	71.3	56.6	110.5	62.8	68.2	64.2	45.3	71.3	49.1	82.5	39.4	74.9	99.5	83.1	63.1	95.6	67.1	98.6	98.0	58.7	104.2	85.3	68.4	99.9	99.9	38.5	79.9	90.2	101.6	72.6	73.0	118.9	83.9	
127.9	113.9	83.2	79.2	84.2	115.7	117.2	76.8	94.4	67.6	99.8	94.5	48.7	84.5	110.3	66.4	69.7	108.1	72.2	126.0	83.4	120.0	105.3	81.6	118.1	79.2	147.4	89.9	115.1	52.7	55.2	97.2	104.3	81.4	98.0	52.1	88.4	91.0	91.9	79.2	84.3	127.5	113.3	0.0	109.7	118.9	124.8	68.4	108.8	118.9	92.1	113.1	79.0	118.1	106.1	101.1	99.9	127.4	72.0	89.8	56.8	103.2	111.8	84.8	77.1	110.9	92.7	74.2	67.2	88.3	110.7	118.5	103.7	25.6	94.1	57.6	56.0	102.0	65.8	60.0	134.1	87.7	87.3	82.9	114.2	36.6	75.2	101.3	113.4	93.6	103.4	116.6	102.6	103.5	49.4	42.6	84.5	110.0	58.9	99.2	109.9	93.9	115.1	112.7	137.7	110.1	128.7	94.5	95.1	99.4	70.3	98.8	101.1	94.5	65.1	97.3	101.6	134.3	92.3	81.1	89.1	82.1	86.0	124.1	107.2	108.7	90.4	106.7	115.3	98.5	88.0	104.1	102.7	106.0	86.3	75.5	121.7	90.3	113.3	120.6	114.1	113.7	135.1	77.6	90.5	115.3	90.1	128.7	52.6	83.6	
126.4	132.9	135.2	92.3	147.4	153.2	110.5	109.7	132.7	79.3	113.1	110.4	75.3	102.0	142.8	97.3	122.8	74.3	146.1	135.3	109.3	62.5	121.9	66.1	137.5	88.8	104.5	123.9	93.9	80.7	100.3	97.6	132.7	136.9	142.2	108.0	129.8	91.8	95.3	76.7	88.7	111.7	103.9	109.7	0.0	92.6	93.2	95.5	51.3	125.7	109.1	124.8	137.8	80.6	138.8	91.3	111.3	117.8	77.9	35.2	112.9	123.8	87.3	130.5	146.6	103.7	95.8	101.5	123.1	86.4	124.1	122.6	108.9	106.2	131.1	121.9	134.7	130.3	144.0	105.3	150.4	92.9	94.6	124.0	91.9	106.7	141.7	96.5	127.3	133.7	146.8	153.4	71.0	112.5	89.0	107.1	66.9	102.8	83.0	79.1	142.6	83.2	106.3	44.2	132.0	167.3	134.1	87.2	113.2	108.2	115.1	38.4	112.8	59.9	69.2	136.6	103.5	149.2	80.4	120.8	112.4	101.7	87.9	131.7	83.5	109.5	104.4	107.8	139.8	115.9	110.6	95.0	98.4	128.1	93.8	142.5	129.6	107.7	124.6	129.6	44.8	87.7	115.2	130.4	88.1	151.6	73.5	109.0	128.2	38.0	
74.1	61.7	136.3	75.0	106.8	111.6	78.9	109.3	96.3	89.3	104.7	64.3	97.7	98.9	73.0	70.1	122.0	123.1	128.0	118.7	59.3	60.3	82.4	83.3	80.9	70.5	90.0	72.4	53.6	88.2	85.0	73.6	87.0	94.4	81.9	106.6	123.1	73.9	105.7	75.6	62.1	101.8	102.0	118.9	92.6	0.0	75.4	64.5	51.6	64.6	72.2	69.1	134.6	59.3	96.1	108.3	99.4	76.0	60.8	75.2	130.5	98.8	84.0	112.5	134.8	22.0	105.5	104.5	130.1	62.7	96.1	69.3	78.9	107.7	132.0	117.4	124.6	68.9	146.8	114.3	99.6	133.0	103.2	97.8	43.2	118.7	115.6	45.8	63.9	122.1	79.4	124.0	101.8	114.9	85.3	117.9	94.6	73.8	104.2	29.2	124.8	105.2	88.1	51.0	95.0	126.2	64.8	55.2	59.7	119.6	117.0	84.8	134.0	85.9	87.7	80.7	56.2	122.8	115.4	82.6	102.7	125.9	104.2	102.2	63.7	134.7	126.9	86.7	111.1	71.0	64.9	117.0	42.6	93.9	114.5	112.1	101.4	105.0	89.7	87.6	55.7	105.1	94.8	114.0	114.5	116.1	76.8	74.8	104.2	81.2	
61.7	112.8	104.4	65.7	124.8	92.3	54.9	92.7	84.2	88.9	80.0	66.3	117.6	110.7	117.9	70.3	109.8	78.8	110.3	91.3	72.9	52.8	94.6	86.7	86.0	60.9	53.0	91.4	32.6	93.1	101.0	89.6	91.9	90.6	124.2	104.8	84.6	62.4	64.6	86.4	62.0	59.2	43.3	124.8	93.2	75.4	0.0	80.4	64.6	105.3	92.6	55.1	104.4	40.9	80.2	94.0	79.9	73.7	63.8	75.5	103.9	82.9	110.8	96.2	120.7	89.6	106.5	99.9	126.6	60.3	51.2	85.0	54.6	128.2	106.4	120.4	146.4	96.8	129.9	125.5	79.6	94.0	65.6	71.8	82.7	103.1	107.3	76.5	75.0	90.3	109.0	91.0	57.6	71.9	89.0	99.8	106.0	99.8	104.8	65.1	83.6	54.2	41.8	79.9	79.2	106.2	110.3	64.7	76.5	104.0	105.0	75.6	89.1	52.3	99.1	93.2	101.5	95.5	79.9	96.7	86.4	84.8	88.3	52.6	53.3	80.5	110.2	53.8	70.6	96.2	67.9	88.8	78.0	83.1	117.0	114.6	50.3	95.7	65.5	79.0	73.4	111.9	24.6	104.2	110.8	106.5	62.3	43.7	128.8	83.1	
83.8	57.6	83.2	47.5	59.7	73.1	86.9	57.8	49.0	71.1	61.8	61.5	63.4	56.8	71.2	41.8	89.2	97.7	72.1	83.0	25.7	78.2	87.4	56.9	59.4	59.3	102.0	42.3	70.6	65.9	63.6	51.7	73.5	53.8	62.1	50.9	74.4	70.3	65.1	69.7	59.8	83.0	76.8	68.4	95.5	64.5	80.4	0.0	64.0	63.3	62.1	63.6	96.1	72.7	84.0	85.1	56.8	62.7	41.0	64.6	86.8	80.0	70.5	87.1	76.6	57.5	63.6	67.2	98.6	38.1	73.0	55.7	48.5	63.8	77.0	57.6	70.7	53.6	86.2	90.6	78.9	101.0	83.4	56.9	61.8	69.6	65.1	69.5	49.6	96.5	61.3	104.4	77.8	75.5	26.7	71.0	68.3	93.1	64.1	40.8	102.3	77.2	77.8	76.4	76.9	90.0	67.9	66.8	37.8	72.2	66.3	81.4	88.6	78.8	76.3	66.2	44.2	89.0	80.5	72.9	55.9	90.1	59.8	83.4	66.8	99.0	79.4	60.4	95.1	54.3	56.5	79.6	53.8	55.4	71.8	58.3	91.0	92.7	89.2	62.6	83.5	80.0	92.2	55.9	72.5	91.3	68.2	87.6	50.8	64.4	
